>DDDAGADNRAAD	11-DDDAGADNRAAD	4.977565	-16.826529	0	T:134.0(86.45%),B:7720.7(67.34%),P:1e-7
0.345	0.001	0.306	0.348
0.336	0.162	0.288	0.213
0.327	0.135	0.321	0.216
0.477	0.291	0.001	0.231
0.363	0.001	0.615	0.021
0.564	0.001	0.198	0.237
0.327	0.001	0.366	0.306
0.276	0.207	0.312	0.204
0.488	0.001	0.510	0.001
0.534	0.234	0.231	0.001
0.591	0.001	0.405	0.003
0.348	0.168	0.198	0.285
