>TTTTTTTWTTTT	23-TTTTTTTWTTTT	6.443153	-10.616450	0	T:108.0(69.68%),B:6102.7(53.23%),P:1e-4
0.215	0.070	0.078	0.637
0.247	0.121	0.075	0.557
0.102	0.116	0.075	0.707
0.043	0.274	0.081	0.602
0.132	0.263	0.140	0.465
0.204	0.215	0.089	0.492
0.140	0.212	0.132	0.516
0.285	0.177	0.113	0.425
0.293	0.108	0.022	0.577
0.110	0.070	0.038	0.782
0.116	0.051	0.035	0.798
0.032	0.156	0.054	0.758
