>TTATTHTTATTT	15-TTATTHTTATTT	5.262807	-14.595764	0	T:140.0(90.32%),B:8503.3(74.17%),P:1e-6
0.083	0.154	0.083	0.680
0.087	0.287	0.179	0.446
0.458	0.175	0.117	0.250
0.117	0.262	0.079	0.542
0.088	0.200	0.100	0.612
0.338	0.254	0.138	0.271
0.100	0.171	0.092	0.637
0.063	0.275	0.129	0.533
0.500	0.242	0.113	0.146
0.063	0.050	0.058	0.829
0.071	0.067	0.075	0.787
0.001	0.312	0.183	0.504
