>TTATTAAATATB	7-TTATTAAATATB,BestGuess:POU4F2/MA0683.1/Jaspar(0.749)	4.820991	-19.935224	0	T:144.0(92.90%),B:8499.5(74.13%),P:1e-8
0.115	0.122	0.137	0.626
0.129	0.137	0.144	0.590
0.579	0.144	0.176	0.101
0.097	0.094	0.111	0.698
0.086	0.169	0.169	0.576
0.627	0.147	0.140	0.086
0.626	0.165	0.112	0.097
0.557	0.155	0.126	0.162
0.083	0.155	0.076	0.686
0.676	0.137	0.076	0.111
0.133	0.022	0.086	0.759
0.001	0.338	0.262	0.399
