>AAAAAAAAAAAA	21-AAAAAAAAAAAA	5.974673	-11.660710	0	T:116.0(74.84%),B:6631.0(57.84%),P:1e-5
0.600	0.050	0.265	0.085
0.681	0.001	0.164	0.154
0.592	0.058	0.212	0.138
0.643	0.061	0.173	0.123
0.727	0.001	0.199	0.073
0.681	0.050	0.157	0.112
0.584	0.015	0.243	0.158
0.573	0.019	0.296	0.112
0.676	0.001	0.185	0.138
0.596	0.001	0.284	0.119
0.796	0.001	0.188	0.015
0.500	0.001	0.257	0.242
