>TCTCTCKCTTYT	6-TCTCTCKCTTYT	4.911605	-20.296741	0	T:139.0(89.68%),B:7935.0(69.21%),P:1e-8
0.086	0.164	0.095	0.655
0.060	0.733	0.009	0.198
0.155	0.104	0.207	0.534
0.155	0.621	0.146	0.078
0.112	0.060	0.095	0.733
0.043	0.846	0.077	0.034
0.190	0.095	0.431	0.284
0.181	0.647	0.060	0.112
0.129	0.121	0.121	0.629
0.095	0.310	0.103	0.491
0.216	0.414	0.069	0.302
0.086	0.241	0.172	0.501
