>TCTCKCTTCTCT	17-TCTCKCTTCTCT	6.465027	-13.382649	0	T:95.0(61.29%),B:4837.9(42.20%),P:1e-5
0.125	0.213	0.095	0.567
0.132	0.566	0.096	0.206
0.088	0.198	0.051	0.663
0.066	0.779	0.059	0.096
0.132	0.199	0.382	0.287
0.169	0.514	0.052	0.265
0.103	0.250	0.052	0.595
0.066	0.184	0.059	0.691
0.066	0.684	0.096	0.154
0.073	0.206	0.022	0.699
0.022	0.824	0.044	0.110
0.059	0.125	0.096	0.720
