>AWVDRAAAWKAW	4-AWVDRAAAWKAW	5.319150	-22.122520	0	T:140.0(90.32%),B:7900.3(68.91%),P:1e-9
0.527	0.163	0.143	0.167
0.424	0.053	0.200	0.323
0.371	0.233	0.257	0.139
0.331	0.078	0.224	0.367
0.355	0.143	0.501	0.001
0.592	0.155	0.110	0.143
0.799	0.001	0.199	0.001
0.555	0.001	0.163	0.281
0.465	0.057	0.001	0.477
0.001	0.241	0.338	0.420
0.575	0.001	0.257	0.167
0.274	0.073	0.245	0.408
