>TTGCACAACATT	2-TTGCACAACATT	5.849601	-28.349256	0	T:111.0(71.61%),B:4901.0(42.75%),P:1e-12
0.100	0.028	0.084	0.788
0.028	0.112	0.001	0.859
0.075	0.028	0.784	0.113
0.062	0.694	0.188	0.056
0.803	0.028	0.056	0.113
0.156	0.601	0.102	0.141
0.841	0.075	0.028	0.056
0.720	0.084	0.056	0.140
0.130	0.653	0.056	0.161
0.793	0.048	0.112	0.047
0.140	0.140	0.028	0.692
0.056	0.056	0.112	0.776
