>AWWAWHWHHAAW	22-AWWAWHWHHAAW	5.226816	-11.355289	0	T:117.0(75.48%),B:6744.2(58.82%),P:1e-4
0.609	0.001	0.001	0.389
0.470	0.001	0.073	0.457
0.290	0.177	0.182	0.351
0.564	0.001	0.057	0.378
0.395	0.001	0.093	0.511
0.307	0.231	0.088	0.375
0.373	0.193	0.116	0.317
0.315	0.192	0.170	0.323
0.348	0.211	0.186	0.255
0.383	0.215	0.171	0.231
0.629	0.001	0.001	0.369
0.413	0.177	0.001	0.409
