>TATTATTAAATT	18-TATTATTAAATT	5.287491	-13.103821	0	T:128.0(82.58%),B:7505.2(65.46%),P:1e-5
0.156	0.107	0.123	0.614
0.652	0.101	0.130	0.117
0.110	0.127	0.123	0.640
0.114	0.156	0.146	0.584
0.627	0.110	0.146	0.117
0.110	0.123	0.140	0.627
0.104	0.185	0.133	0.578
0.610	0.146	0.156	0.088
0.707	0.091	0.101	0.101
0.652	0.127	0.117	0.104
0.172	0.042	0.078	0.708
0.001	0.279	0.269	0.451
