>GGGCCCCCATAB	10-GGGCCCCCATAB,BestGuess:gcm2/MA0917.1/Jaspar(0.688)	3.969734	-18.136504	0	T:125.0(80.65%),B:6790.4(59.23%),P:1e-7
0.097	0.141	0.611	0.151
0.140	0.146	0.572	0.142
0.136	0.131	0.626	0.107
0.169	0.618	0.091	0.122
0.154	0.619	0.085	0.142
0.135	0.633	0.107	0.125
0.136	0.519	0.180	0.165
0.136	0.671	0.034	0.159
0.710	0.102	0.087	0.101
0.113	0.096	0.078	0.713
0.707	0.061	0.056	0.176
0.001	0.318	0.266	0.415
