>YTYYYYCHYTTY	14-YTYYYYCHYTTY,BestGuess:SeqBias: G/A bias(0.729)	5.166053	-14.697122	0	T:138.0(89.03%),B:8293.9(72.34%),P:1e-6
0.227	0.277	0.081	0.414
0.044	0.265	0.146	0.545
0.001	0.426	0.003	0.570
0.181	0.346	0.112	0.361
0.112	0.355	0.128	0.405
0.171	0.346	0.081	0.402
0.115	0.436	0.274	0.174
0.305	0.327	0.016	0.352
0.206	0.364	0.093	0.336
0.001	0.311	0.134	0.554
0.264	0.093	0.001	0.642
0.001	0.501	0.003	0.495
