>ATTATTATTATT	20-ATTATTATTATT,BestGuess:bab1/dmmpmm(Pollard)/fly(0.795)	5.584547	-11.989643	0	T:124.0(80.00%),B:7266.3(63.38%),P:1e-5
0.461	0.159	0.090	0.290
0.215	0.136	0.100	0.549
0.140	0.230	0.146	0.484
0.449	0.186	0.152	0.213
0.152	0.138	0.075	0.635
0.102	0.221	0.186	0.491
0.420	0.238	0.102	0.240
0.142	0.129	0.100	0.629
0.154	0.211	0.140	0.495
0.424	0.163	0.148	0.265
0.154	0.002	0.004	0.840
0.002	0.119	0.019	0.860
