>ATTAATAATAAT	13-ATTAATAATAAT	4.621630	-15.085201	0	T:143.0(92.26%),B:8775.2(76.54%),P:1e-6
0.661	0.088	0.131	0.120
0.107	0.157	0.126	0.610
0.107	0.118	0.157	0.618
0.579	0.126	0.201	0.094
0.667	0.093	0.101	0.139
0.069	0.107	0.164	0.660
0.653	0.126	0.120	0.101
0.686	0.113	0.132	0.069
0.082	0.106	0.120	0.692
0.666	0.107	0.151	0.076
0.805	0.056	0.076	0.063
0.069	0.139	0.088	0.704
