>TCMATTTTTTTT	9-TCMATTTTTTTT	6.810870	-18.434124	0	T:107.0(69.03%),B:5297.2(46.20%),P:1e-8
0.092	0.119	0.064	0.725
0.073	0.495	0.266	0.165
0.477	0.349	0.101	0.074
0.679	0.073	0.092	0.156
0.074	0.247	0.073	0.606
0.321	0.046	0.082	0.551
0.330	0.046	0.037	0.587
0.284	0.018	0.046	0.652
0.073	0.082	0.064	0.781
0.275	0.055	0.064	0.606
0.082	0.055	0.092	0.771
0.055	0.073	0.055	0.817
