>AWTYRATNNGTK	19-MACNNATYRAWT	5.656301	-12.672319	0	T:130.0(83.87%),B:7726.9(67.39%),P:1e-5
0.740	0.065	0.001	0.194
0.479	0.001	0.001	0.519
0.104	0.001	0.091	0.804
0.026	0.390	0.195	0.389
0.492	0.001	0.506	0.001
0.570	0.001	0.143	0.286
0.195	0.013	0.286	0.506
0.221	0.286	0.234	0.260
0.208	0.272	0.325	0.195
0.350	0.001	0.533	0.116
0.142	0.181	0.001	0.676
0.001	0.001	0.479	0.519
