>YWWTTTCGAAAT	1-YWWTTTCGAAAT,BestGuess:Unknown6/Drosophila-Promoters/Homer(0.789)	5.686985	-31.112779	0	T:143.0(92.26%),B:7609.8(66.37%),P:1e-13
0.210	0.303	0.080	0.407
0.377	0.222	0.173	0.228
0.445	0.062	0.012	0.481
0.247	0.123	0.001	0.629
0.099	0.074	0.043	0.784
0.001	0.160	0.185	0.654
0.216	0.457	0.111	0.216
0.222	0.185	0.451	0.142
0.512	0.241	0.080	0.167
0.691	0.080	0.130	0.099
0.673	0.001	0.098	0.228
0.105	0.006	0.012	0.877
