>VATATTTAATAA	7-TTATTAAATATB	4.820991	-19.935224	0	T:144.0(92.90%),B:8499.5(74.13%),P:1e-8
0.399	0.262	0.338	0.001
0.759	0.086	0.022	0.133
0.111	0.076	0.137	0.676
0.686	0.076	0.155	0.083
0.162	0.126	0.155	0.557
0.097	0.112	0.165	0.626
0.086	0.140	0.147	0.627
0.576	0.169	0.169	0.086
0.698	0.111	0.094	0.097
0.101	0.176	0.144	0.579
0.590	0.144	0.137	0.129
0.626	0.137	0.122	0.115
