>GAATGATCGWRA	12-GAATGATCGWRA	5.022731	-15.656589	0	T:132.0(85.16%),B:7633.3(66.58%),P:1e-6
0.238	0.115	0.639	0.008
0.639	0.254	0.033	0.074
0.631	0.033	0.230	0.106
0.303	0.148	0.008	0.541
0.041	0.197	0.680	0.082
0.664	0.041	0.090	0.205
0.098	0.049	0.098	0.755
0.025	0.590	0.172	0.213
0.197	0.049	0.664	0.090
0.303	0.230	0.033	0.435
0.402	0.016	0.418	0.164
0.656	0.131	0.074	0.139
