>TTGTGCAA	1-TTGTGCAA	8.030896	-28.868959	0	T:53.0(34.19%),B:1337.1(11.66%),P:1e-12	Tpos:636.0,Tstd:256.1,Bpos:853501.0,Bstd:1095326.9,StrandBias:10.0,Multiplicity:1.19
0.001	0.001	0.001	0.997
0.001	0.134	0.001	0.864
0.106	0.001	0.884	0.009
0.001	0.283	0.001	0.715
0.283	0.001	0.715	0.001
0.001	0.864	0.001	0.134
0.893	0.001	0.001	0.105
0.997	0.001	0.001	0.001
>TTYTTTTA	2-TTYTTTTA	4.033496	-27.437890	0	T:154.0(99.35%),B:9373.3(81.75%),P:1e-11	Tpos:533.9,Tstd:309.6,Bpos:828714.7,Bstd:1049045.9,StrandBias:10.0,Multiplicity:1.57
0.165	0.095	0.100	0.640
0.135	0.153	0.079	0.633
0.090	0.356	0.073	0.480
0.118	0.207	0.102	0.573
0.130	0.243	0.137	0.490
0.253	0.172	0.117	0.458
0.149	0.239	0.134	0.478
0.538	0.295	0.166	0.001
>TGCACAWW	3-TGCACAWW	4.723448	-23.397019	0	T:129.0(83.23%),B:6736.8(58.76%),P:1e-10	Tpos:524.0,Tstd:285.1,Bpos:850510.6,Bstd:1087135.9,StrandBias:10.0,Multiplicity:1.62
0.041	0.111	0.024	0.824
0.226	0.090	0.601	0.083
0.054	0.575	0.039	0.332
0.784	0.039	0.074	0.103
0.113	0.732	0.063	0.092
0.761	0.043	0.054	0.142
0.276	0.174	0.190	0.360
0.292	0.163	0.180	0.365
>WVAAAAAW	4-WVAAAAAW	4.690162	-23.176089	0	T:145.0(93.55%),B:8376.2(73.06%),P:1e-10	Tpos:487.8,Tstd:275.3,Bpos:849202.4,Bstd:1084614.6,StrandBias:10.0,Multiplicity:1.68
0.393	0.067	0.061	0.479
0.247	0.288	0.354	0.110
0.814	0.072	0.078	0.036
0.540	0.044	0.149	0.267
0.582	0.054	0.130	0.234
0.573	0.038	0.107	0.282
0.525	0.104	0.141	0.230
0.474	0.073	0.049	0.405
>ATGATCAT	5-ATGATCAT	2.343340	-21.444186	0	T:136.0(87.74%),B:7544.0(65.80%),P:1e-9	Tpos:507.7,Tstd:276.4,Bpos:844644.1,Bstd:1064982.2,StrandBias:10.0,Multiplicity:1.80
0.997	0.001	0.001	0.001
0.001	0.001	0.001	0.997
0.116	0.232	0.651	0.001
0.997	0.001	0.001	0.001
0.001	0.001	0.001	0.997
0.011	0.639	0.001	0.349
0.997	0.001	0.001	0.001
0.290	0.001	0.001	0.708
>CTCTCCTC	6-CTCTCCTC	2.119364	-21.292747	0	T:140.0(90.32%),B:7962.1(69.45%),P:1e-9	Tpos:519.4,Tstd:285.0,Bpos:864404.5,Bstd:1072960.8,StrandBias:10.0,Multiplicity:2.02
0.001	0.666	0.001	0.332
0.001	0.001	0.001	0.997
0.001	0.997	0.001	0.001
0.001	0.001	0.001	0.997
0.001	0.556	0.147	0.296
0.001	0.925	0.001	0.073
0.001	0.001	0.001	0.997
0.001	0.703	0.001	0.295
>AWSARRAA	7-AWSARRAA	6.151784	-18.461543	0	T:130.0(83.87%),B:7210.6(62.89%),P:1e-8	Tpos:463.9,Tstd:270.2,Bpos:837854.8,Bstd:1049592.4,StrandBias:10.0,Multiplicity:1.44
0.705	0.001	0.001	0.293
0.484	0.001	0.001	0.514
0.001	0.455	0.412	0.132
0.808	0.001	0.001	0.190
0.440	0.001	0.427	0.132
0.470	0.001	0.528	0.001
0.997	0.001	0.001	0.001
0.617	0.001	0.001	0.381
>AHATTGCA	8-AHATTGCA	5.095863	-17.730377	0	T:124.0(80.00%),B:6737.5(58.76%),P:1e-7	Tpos:522.9,Tstd:271.0,Bpos:855574.5,Bstd:1087169.2,StrandBias:10.0,Multiplicity:1.58
0.453	0.214	0.113	0.220
0.303	0.354	0.136	0.207
0.572	0.119	0.070	0.239
0.144	0.106	0.077	0.673
0.023	0.018	0.017	0.942
0.056	0.080	0.718	0.146
0.096	0.600	0.051	0.253
0.738	0.044	0.106	0.112
>TTTTTTYM	9-TTTTTTYM	4.498896	-17.115077	0	T:140.0(90.32%),B:8290.9(72.31%),P:1e-7	Tpos:539.2,Tstd:285.1,Bpos:849607.8,Bstd:1097206.2,StrandBias:10.0,Multiplicity:1.57
0.200	0.103	0.073	0.624
0.150	0.104	0.094	0.652
0.150	0.119	0.111	0.620
0.171	0.139	0.098	0.592
0.133	0.122	0.097	0.648
0.126	0.170	0.145	0.559
0.174	0.306	0.182	0.339
0.463	0.315	0.221	0.001
>CTCTCATW	10-CTCTCATW	3.808811	-16.981382	0	T:137.0(88.39%),B:7998.9(69.77%),P:1e-7	Tpos:525.0,Tstd:274.8,Bpos:848816.2,Bstd:1068388.3,StrandBias:10.0,Multiplicity:1.60
0.174	0.547	0.108	0.171
0.163	0.115	0.116	0.606
0.143	0.562	0.122	0.173
0.135	0.133	0.130	0.602
0.144	0.560	0.154	0.142
0.570	0.148	0.132	0.150
0.169	0.163	0.116	0.552
0.339	0.001	0.253	0.407
>RRRRRAAW	11-RRRRRAAW	3.322451	-16.227917	0	T:149.0(96.13%),B:9379.0(81.80%),P:1e-7	Tpos:504.4,Tstd:286.9,Bpos:839228.8,Bstd:1052296.3,StrandBias:10.0,Multiplicity:1.68
0.384	0.136	0.283	0.198
0.415	0.072	0.267	0.246
0.456	0.021	0.334	0.189
0.425	0.161	0.278	0.135
0.449	0.095	0.348	0.108
0.498	0.103	0.263	0.136
0.471	0.028	0.213	0.288
0.402	0.175	0.001	0.422
>ATTGCACA	12-ATTGCACA	2.219031	-16.122217	0	T:119.0(76.77%),B:6451.2(56.27%),P:1e-7	Tpos:508.7,Tstd:274.7,Bpos:864244.3,Bstd:1095571.8,StrandBias:10.0,Multiplicity:1.82
0.530	0.077	0.077	0.316
0.001	0.001	0.001	0.997
0.001	0.001	0.001	0.997
0.001	0.001	0.997	0.001
0.001	0.605	0.001	0.393
0.682	0.001	0.316	0.001
0.001	0.997	0.001	0.001
0.997	0.001	0.001	0.001
>TTTCTCTH	13-TTTCTCTH	3.824866	-15.851580	0	T:147.0(94.84%),B:9164.0(79.93%),P:1e-6	Tpos:533.9,Tstd:289.5,Bpos:812109.6,Bstd:1058203.5,StrandBias:10.0,Multiplicity:1.87
0.239	0.180	0.058	0.523
0.175	0.221	0.041	0.563
0.111	0.212	0.112	0.565
0.168	0.468	0.125	0.240
0.204	0.159	0.101	0.536
0.128	0.467	0.153	0.253
0.172	0.126	0.120	0.582
0.237	0.299	0.101	0.363
>AAAARAAK	14-AAAARAAK	3.686007	-14.925328	0	T:144.0(92.90%),B:8897.3(77.60%),P:1e-6	Tpos:494.5,Tstd:302.7,Bpos:836654.3,Bstd:1065064.8,StrandBias:10.0,Multiplicity:1.57
0.507	0.124	0.219	0.150
0.523	0.100	0.224	0.153
0.521	0.101	0.191	0.187
0.394	0.148	0.217	0.241
0.456	0.134	0.332	0.078
0.516	0.092	0.202	0.190
0.516	0.067	0.247	0.170
0.001	0.207	0.360	0.432
>TYTHTBWT	15-TYTHTBWT	4.389579	-14.810044	0	T:139.0(89.68%),B:8383.4(73.12%),P:1e-6	Tpos:513.9,Tstd:300.1,Bpos:836958.7,Bstd:1051129.1,StrandBias:10.0,Multiplicity:1.66
0.174	0.046	0.033	0.747
0.159	0.445	0.066	0.330
0.279	0.125	0.122	0.473
0.238	0.369	0.090	0.303
0.141	0.176	0.078	0.605
0.166	0.340	0.199	0.294
0.381	0.215	0.056	0.348
0.216	0.044	0.029	0.711
>AAAHAAAA	16-AAAHAAAA	4.938025	-14.434372	0	T:125.0(80.65%),B:7115.1(62.06%),P:1e-6	Tpos:509.2,Tstd:289.9,Bpos:869490.7,Bstd:1117042.8,StrandBias:10.0,Multiplicity:1.74
0.679	0.115	0.098	0.108
0.676	0.141	0.068	0.115
0.682	0.070	0.078	0.170
0.366	0.221	0.141	0.272
0.565	0.106	0.164	0.165
0.583	0.123	0.131	0.163
0.594	0.099	0.105	0.202
0.681	0.148	0.170	0.001
>CATTTTCT	17-CATTTTCT	5.115298	-13.891708	0	T:140.0(90.32%),B:8565.9(74.71%),P:1e-6	Tpos:519.5,Tstd:298.9,Bpos:836603.9,Bstd:1077857.3,StrandBias:10.0,Multiplicity:1.70
0.291	0.446	0.031	0.232
0.697	0.089	0.074	0.140
0.232	0.124	0.046	0.598
0.093	0.027	0.047	0.833
0.039	0.078	0.035	0.848
0.078	0.136	0.050	0.736
0.139	0.547	0.101	0.213
0.256	0.066	0.101	0.577
>ACAAATTG	18-ACAAATTG	5.546559	-12.654665	0	T:115.0(74.19%),B:6447.5(56.24%),P:1e-5	Tpos:514.2,Tstd:287.8,Bpos:848053.8,Bstd:1091915.2,StrandBias:10.0,Multiplicity:1.86
0.728	0.047	0.090	0.135
0.161	0.643	0.083	0.113
0.853	0.038	0.045	0.064
0.763	0.075	0.068	0.094
0.722	0.073	0.016	0.189
0.143	0.075	0.038	0.744
0.054	0.037	0.007	0.902
0.083	0.061	0.646	0.210
>TTTTTCAA	19-TTTTTCAA	5.354953	-10.667511	0	T:116.0(74.84%),B:6736.9(58.76%),P:1e-4	Tpos:527.0,Tstd:298.6,Bpos:847642.6,Bstd:1103624.7,StrandBias:10.0,Multiplicity:1.50
0.208	0.070	0.056	0.666
0.146	0.081	0.081	0.692
0.121	0.088	0.088	0.703
0.114	0.113	0.082	0.691
0.118	0.128	0.116	0.638
0.170	0.397	0.196	0.237
0.591	0.138	0.111	0.160
0.625	0.118	0.082	0.175
>AAWWTTTW	20-AAWWTTTW	6.218154	-9.317408	0	T:112.0(72.26%),B:6566.9(57.28%),P:1e-4	Tpos:468.3,Tstd:293.2,Bpos:857488.6,Bstd:1106774.3,StrandBias:10.0,Multiplicity:1.85
0.954	0.044	0.001	0.001
0.754	0.001	0.001	0.244
0.391	0.071	0.001	0.537
0.454	0.007	0.058	0.481
0.342	0.027	0.031	0.600
0.181	0.034	0.044	0.741
0.130	0.001	0.085	0.784
0.345	0.038	0.133	0.484
>TTCGAAAT	21-TTCGAAAT	5.594176	-8.326970	0	T:98.0(63.23%),B:5601.1(48.85%),P:1e-3	Tpos:480.7,Tstd:294.1,Bpos:860249.3,Bstd:1097153.7,StrandBias:10.0,Multiplicity:1.26
0.220	0.095	0.006	0.679
0.120	0.115	0.070	0.695
0.122	0.458	0.151	0.269
0.217	0.174	0.504	0.105
0.634	0.133	0.111	0.122
0.661	0.080	0.088	0.171
0.708	0.064	0.007	0.221
0.280	0.050	0.003	0.667
>TDDAAAAA	22-TDDAAAAA	5.957702	-7.531459	0	T:105.0(67.74%),B:6238.5(54.41%),P:1e-3	Tpos:495.4,Tstd:263.4,Bpos:853096.2,Bstd:1109099.5,StrandBias:10.0,Multiplicity:1.85
0.306	0.051	0.130	0.513
0.249	0.137	0.277	0.338
0.220	0.150	0.274	0.357
0.700	0.070	0.115	0.115
0.647	0.054	0.143	0.156
0.870	0.083	0.025	0.022
0.977	0.019	0.003	0.001
0.796	0.001	0.003	0.200
>CAATSAAT	23-CAATSAAT	5.533539	-7.398981	0	T:89.0(57.42%),B:5051.7(44.06%),P:1e-3	Tpos:548.2,Tstd:288.8,Bpos:846859.7,Bstd:1059705.1,StrandBias:10.0,Multiplicity:1.20
0.073	0.925	0.001	0.001
0.997	0.001	0.001	0.001
0.851	0.001	0.001	0.147
0.001	0.001	0.001	0.997
0.001	0.518	0.480	0.001
0.997	0.001	0.001	0.001
0.997	0.001	0.001	0.001
0.295	0.001	0.001	0.703
>TTTHTTTT	24-TTTHTTTT	4.392017	-6.489351	0	T:135.0(87.10%),B:8858.2(77.26%),P:1e-2	Tpos:549.5,Tstd:294.6,Bpos:842508.4,Bstd:1075069.8,StrandBias:10.0,Multiplicity:1.68
0.302	0.090	0.045	0.563
0.132	0.103	0.084	0.681
0.102	0.188	0.093	0.617
0.191	0.332	0.177	0.300
0.276	0.132	0.129	0.464
0.146	0.134	0.112	0.608
0.099	0.103	0.103	0.695
0.288	0.001	0.194	0.517
>TTTYWTTT	25-TTTYWTTT	4.943940	-5.476857	0	T:111.0(71.61%),B:7002.4(61.08%),P:1e-2	Tpos:505.1,Tstd:276.6,Bpos:842680.8,Bstd:1117588.2,StrandBias:10.0,Multiplicity:2.07
0.285	0.081	0.096	0.538
0.169	0.140	0.075	0.616
0.125	0.145	0.109	0.621
0.093	0.346	0.123	0.439
0.434	0.136	0.132	0.298
0.239	0.098	0.097	0.566
0.143	0.075	0.094	0.688
0.154	0.070	0.159	0.617
