>TCTCTCACCT	1-TCTCTCACCT	4.355820	-29.515389	0	T:145.0(93.55%),B:7944.8(69.29%),P:1e-12	Tpos:523.4,Tstd:297.5,Bpos:865469.3,Bstd:1089327.8,StrandBias:10.0,Multiplicity:1.71
0.001	0.001	0.001	0.997
0.070	0.859	0.001	0.070
0.144	0.001	0.070	0.785
0.070	0.859	0.001	0.070
0.070	0.001	0.144	0.785
0.001	0.929	0.001	0.069
0.719	0.070	0.070	0.141
0.070	0.718	0.001	0.211
0.151	0.567	0.001	0.281
0.074	0.074	0.001	0.851
>WBWGARADAW	2-WBWGARADAW	4.678586	-27.856786	0	T:147.0(94.84%),B:8297.9(72.37%),P:1e-12	Tpos:471.5,Tstd:287.9,Bpos:852611.2,Bstd:1069751.4,StrandBias:10.0,Multiplicity:1.44
0.448	0.001	0.173	0.378
0.138	0.256	0.280	0.327
0.402	0.067	0.165	0.366
0.008	0.268	0.543	0.181
0.413	0.197	0.142	0.248
0.421	0.008	0.433	0.138
0.516	0.106	0.150	0.228
0.256	0.138	0.358	0.248
0.972	0.023	0.004	0.001
0.413	0.122	0.001	0.464
>ATTGCACAAY	3-ATTGCACAAY	-0.808310	-26.220032	0	T:126.0(81.29%),B:6267.4(54.66%),P:1e-11	Tpos:556.6,Tstd:277.7,Bpos:864763.9,Bstd:1099953.5,StrandBias:10.0,Multiplicity:1.90
0.997	0.001	0.001	0.001
0.001	0.001	0.001	0.997
0.001	0.001	0.001	0.997
0.001	0.001	0.997	0.001
0.001	0.997	0.001	0.001
0.997	0.001	0.001	0.001
0.001	0.997	0.001	0.001
0.997	0.001	0.001	0.001
0.997	0.001	0.001	0.001
0.001	0.564	0.001	0.434
>ADAAATBNAT	4-ADAAATBNAT	4.913017	-24.033041	0	T:137.0(88.39%),B:7452.1(65.00%),P:1e-10	Tpos:465.9,Tstd:283.1,Bpos:850561.7,Bstd:1081845.0,StrandBias:10.0,Multiplicity:1.49
0.449	0.217	0.066	0.269
0.287	0.166	0.328	0.219
0.563	0.183	0.253	0.001
0.728	0.001	0.001	0.270
0.586	0.050	0.018	0.346
0.339	0.037	0.001	0.623
0.101	0.252	0.352	0.295
0.311	0.230	0.162	0.298
0.530	0.015	0.243	0.212
0.001	0.278	0.214	0.507
>AAAAAGAGAA	5-AAAAAGAGAA	5.350566	-22.850622	0	T:139.0(89.68%),B:7743.0(67.54%),P:1e-9	Tpos:502.7,Tstd:290.2,Bpos:829082.8,Bstd:1027168.1,StrandBias:10.0,Multiplicity:1.71
0.634	0.112	0.161	0.093
0.580	0.132	0.200	0.088
0.702	0.073	0.224	0.001
0.605	0.107	0.166	0.122
0.630	0.083	0.146	0.141
0.122	0.141	0.649	0.088
0.655	0.029	0.175	0.141
0.117	0.127	0.629	0.127
0.922	0.005	0.010	0.063
0.605	0.014	0.001	0.380
>KVVRADRRAD	6-KVVRADRRAD	4.301611	-21.828750	0	T:146.0(94.19%),B:8591.2(74.93%),P:1e-9	Tpos:465.7,Tstd:278.9,Bpos:858288.9,Bstd:1056811.8,StrandBias:10.0,Multiplicity:1.69
0.224	0.026	0.418	0.332
0.246	0.233	0.353	0.168
0.379	0.250	0.370	0.001
0.555	0.001	0.443	0.001
0.602	0.001	0.396	0.001
0.349	0.073	0.323	0.254
0.272	0.190	0.392	0.146
0.422	0.099	0.431	0.047
0.603	0.001	0.323	0.073
0.319	0.082	0.293	0.306
>WAAAAAAAAW	7-WAAAAAAAAW	5.217161	-20.971552	0	T:127.0(81.94%),B:6739.3(58.78%),P:1e-9	Tpos:550.1,Tstd:273.5,Bpos:861993.1,Bstd:1118060.6,StrandBias:10.0,Multiplicity:1.73
0.373	0.124	0.162	0.341
0.431	0.160	0.188	0.221
0.470	0.163	0.139	0.227
0.508	0.121	0.175	0.196
0.545	0.124	0.145	0.186
0.650	0.067	0.106	0.177
0.668	0.072	0.064	0.196
0.683	0.070	0.058	0.189
0.734	0.029	0.011	0.226
0.539	0.030	0.013	0.418
>AAAWDAAAAT	8-AAAWDAAAAT	4.864624	-19.855855	0	T:141.0(90.97%),B:8177.9(71.33%),P:1e-8	Tpos:444.0,Tstd:282.1,Bpos:834088.2,Bstd:1058224.4,StrandBias:10.0,Multiplicity:1.76
0.648	0.091	0.260	0.001
0.558	0.105	0.159	0.178
0.475	0.086	0.204	0.234
0.449	0.091	0.140	0.321
0.385	0.133	0.239	0.243
0.434	0.113	0.203	0.251
0.513	0.076	0.198	0.213
0.513	0.148	0.216	0.123
0.663	0.001	0.001	0.335
0.001	0.071	0.128	0.800
>ATGATMWTTT	9-ATGATMWTTT	5.090978	-19.401782	0	T:140.0(90.32%),B:8107.9(70.72%),P:1e-8	Tpos:529.3,Tstd:284.4,Bpos:856839.1,Bstd:1082384.3,StrandBias:10.0,Multiplicity:1.72
0.606	0.007	0.009	0.378
0.161	0.188	0.062	0.589
0.064	0.235	0.651	0.050
0.698	0.121	0.050	0.131
0.252	0.067	0.126	0.555
0.235	0.373	0.185	0.207
0.359	0.081	0.078	0.482
0.119	0.102	0.157	0.622
0.159	0.100	0.040	0.701
0.095	0.195	0.154	0.556
>WYGAAWDHDT	10-WYGAAWDHDT	5.486026	-19.069723	0	T:138.0(89.03%),B:7928.7(69.16%),P:1e-8	Tpos:477.3,Tstd:260.5,Bpos:850819.8,Bstd:1078271.1,StrandBias:10.0,Multiplicity:1.65
0.410	0.001	0.196	0.393
0.125	0.464	0.001	0.410
0.001	0.266	0.732	0.001
0.997	0.001	0.001	0.001
0.589	0.001	0.409	0.001
0.393	0.143	0.126	0.339
0.339	0.161	0.286	0.214
0.410	0.303	0.001	0.285
0.339	0.179	0.197	0.285
0.392	0.001	0.001	0.606
>TTTTCTTYTT	11-TTTTCTTYTT	5.174659	-18.614004	0	T:135.0(87.10%),B:7668.2(66.88%),P:1e-8	Tpos:526.8,Tstd:295.5,Bpos:823261.5,Bstd:1035805.5,StrandBias:10.0,Multiplicity:1.57
0.159	0.103	0.059	0.679
0.123	0.169	0.093	0.615
0.106	0.230	0.106	0.558
0.109	0.139	0.103	0.649
0.163	0.457	0.136	0.244
0.149	0.128	0.098	0.625
0.078	0.195	0.086	0.641
0.127	0.389	0.181	0.304
0.279	0.111	0.098	0.512
0.216	0.001	0.113	0.670
>TYBNHTTBWT	12-TYBNHTTBWT	4.354124	-18.061099	0	T:147.0(94.84%),B:8991.8(78.43%),P:1e-7	Tpos:525.8,Tstd:278.8,Bpos:828336.1,Bstd:1040981.6,StrandBias:10.0,Multiplicity:1.56
0.213	0.244	0.146	0.397
0.044	0.381	0.203	0.371
0.060	0.336	0.238	0.365
0.229	0.260	0.209	0.302
0.244	0.248	0.156	0.352
0.276	0.250	0.001	0.473
0.001	0.405	0.001	0.593
0.001	0.371	0.266	0.362
0.390	0.238	0.001	0.371
0.126	0.001	0.001	0.872
>TTTTTTTTTT	13-TTTTTTTTTT	4.967846	-17.048103	0	T:131.0(84.52%),B:7420.6(64.72%),P:1e-7	Tpos:550.3,Tstd:289.4,Bpos:839058.3,Bstd:1082524.4,StrandBias:10.0,Multiplicity:1.78
0.264	0.097	0.079	0.560
0.170	0.089	0.084	0.657
0.097	0.139	0.085	0.679
0.113	0.237	0.119	0.531
0.171	0.180	0.084	0.565
0.124	0.195	0.134	0.547
0.224	0.211	0.128	0.437
0.256	0.153	0.087	0.504
0.238	0.086	0.081	0.595
0.176	0.149	0.084	0.591
>ATTSWGTGAW	14-ATTSWGTGAW	5.557374	-16.926484	0	T:126.0(81.29%),B:6981.0(60.89%),P:1e-7	Tpos:463.5,Tstd:276.7,Bpos:851946.0,Bstd:1068877.1,StrandBias:10.0,Multiplicity:1.56
0.627	0.005	0.082	0.286
0.352	0.001	0.127	0.520
0.163	0.026	0.076	0.735
0.122	0.464	0.327	0.087
0.444	0.015	0.076	0.464
0.031	0.127	0.627	0.215
0.240	0.199	0.001	0.560
0.189	0.061	0.623	0.127
0.832	0.005	0.010	0.153
0.408	0.031	0.005	0.556
>DGAGAGWGAG	15-DGAGAGWGAG	5.095397	-16.377963	0	T:129.0(83.23%),B:7295.7(63.63%),P:1e-7	Tpos:533.1,Tstd:293.2,Bpos:856663.6,Bstd:1056884.0,StrandBias:10.0,Multiplicity:1.81
0.385	0.037	0.238	0.340
0.101	0.128	0.734	0.037
0.633	0.019	0.229	0.119
0.357	0.037	0.560	0.046
0.551	0.037	0.156	0.256
0.366	0.018	0.543	0.073
0.450	0.083	0.073	0.394
0.055	0.055	0.872	0.018
0.806	0.028	0.028	0.138
0.156	0.037	0.624	0.183
>TDNDTKVAAT	16-TDNDTKVAAT	5.420505	-15.505292	0	T:127.0(81.94%),B:7193.1(62.74%),P:1e-6	Tpos:540.9,Tstd:273.9,Bpos:848726.6,Bstd:1087849.2,StrandBias:10.0,Multiplicity:1.30
0.405	0.001	0.026	0.568
0.207	0.190	0.259	0.345
0.215	0.250	0.233	0.302
0.241	0.035	0.379	0.345
0.241	0.293	0.001	0.465
0.001	0.025	0.518	0.456
0.310	0.388	0.301	0.001
0.483	0.190	0.069	0.259
0.723	0.001	0.001	0.275
0.001	0.001	0.001	0.997
>HNHHATTGCA	17-HNHHATTGCA	5.624867	-14.515838	0	T:117.0(75.48%),B:6431.4(56.10%),P:1e-6	Tpos:519.7,Tstd:286.4,Bpos:854601.6,Bstd:1082298.4,StrandBias:10.0,Multiplicity:1.76
0.305	0.227	0.148	0.319
0.314	0.209	0.183	0.293
0.375	0.232	0.166	0.227
0.355	0.209	0.183	0.253
0.820	0.040	0.044	0.096
0.122	0.044	0.026	0.808
0.017	0.026	0.001	0.956
0.026	0.061	0.695	0.218
0.061	0.877	0.061	0.001
0.826	0.017	0.105	0.052
>AGATCAAMAW	18-AGATCAAMAW	5.194115	-13.949945	0	T:133.0(85.81%),B:7880.6(68.74%),P:1e-6	Tpos:476.6,Tstd:265.7,Bpos:875602.8,Bstd:1095883.1,StrandBias:10.0,Multiplicity:1.56
0.492	0.278	0.066	0.164
0.196	0.213	0.575	0.016
0.738	0.082	0.049	0.131
0.065	0.016	0.016	0.903
0.033	0.869	0.065	0.033
0.853	0.016	0.115	0.016
0.739	0.049	0.147	0.065
0.328	0.394	0.148	0.131
0.607	0.033	0.213	0.147
0.492	0.049	0.115	0.344
>TTCHWTTYTT	19-TTCHWTTYTT	5.157849	-13.793549	0	T:139.0(89.68%),B:8473.4(73.91%),P:1e-5	Tpos:574.6,Tstd:304.1,Bpos:826150.8,Bstd:1042960.2,StrandBias:10.0,Multiplicity:1.79
0.268	0.168	0.067	0.497
0.081	0.284	0.064	0.571
0.213	0.491	0.270	0.026
0.403	0.279	0.031	0.287
0.391	0.147	0.048	0.413
0.112	0.223	0.002	0.663
0.033	0.209	0.135	0.623
0.131	0.367	0.170	0.332
0.375	0.048	0.005	0.572
0.016	0.279	0.031	0.674
>TCYCTTCTCT	20-TCYCTTCTCT	5.425253	-13.788079	0	T:126.0(81.29%),B:7263.2(63.35%),P:1e-5	Tpos:538.9,Tstd:284.1,Bpos:823065.8,Bstd:1043067.9,StrandBias:10.0,Multiplicity:1.93
0.063	0.278	0.027	0.632
0.067	0.581	0.168	0.184
0.207	0.366	0.070	0.356
0.172	0.508	0.054	0.266
0.113	0.344	0.035	0.508
0.027	0.258	0.034	0.681
0.011	0.868	0.031	0.090
0.133	0.199	0.027	0.641
0.148	0.594	0.031	0.227
0.093	0.121	0.042	0.744
>WAWAAAATTT	21-WAWAAAATTT	6.148628	-13.423369	0	T:110.0(70.97%),B:5971.2(52.08%),P:1e-5	Tpos:466.9,Tstd:267.4,Bpos:852193.9,Bstd:1102995.2,StrandBias:10.0,Multiplicity:1.84
0.376	0.203	0.120	0.301
0.549	0.090	0.143	0.218
0.414	0.211	0.083	0.293
0.541	0.053	0.113	0.293
0.525	0.166	0.068	0.241
0.421	0.233	0.083	0.263
0.895	0.030	0.015	0.060
0.309	0.015	0.008	0.668
0.053	0.008	0.008	0.931
0.023	0.015	0.248	0.714
>HMATTYYHAW	22-HMATTYYHAW	4.828135	-12.254806	0	T:138.0(89.03%),B:8516.9(74.28%),P:1e-5	Tpos:509.3,Tstd:295.2,Bpos:842339.8,Bstd:1078629.9,StrandBias:10.0,Multiplicity:1.68
0.322	0.263	0.165	0.250
0.527	0.421	0.026	0.026
0.730	0.112	0.099	0.059
0.039	0.323	0.026	0.612
0.079	0.066	0.072	0.783
0.020	0.401	0.040	0.539
0.013	0.368	0.191	0.428
0.296	0.322	0.066	0.316
0.815	0.079	0.053	0.053
0.421	0.046	0.039	0.494
>TTTYSAAATT	23-TTTYSAAATT	5.762577	-10.712017	0	T:126.0(81.29%),B:7572.9(66.05%),P:1e-4	Tpos:522.9,Tstd:270.1,Bpos:851718.5,Bstd:1094067.7,StrandBias:10.0,Multiplicity:1.67
0.260	0.066	0.012	0.662
0.202	0.202	0.095	0.501
0.066	0.190	0.099	0.645
0.054	0.430	0.136	0.380
0.219	0.417	0.355	0.008
0.504	0.244	0.095	0.157
0.644	0.054	0.017	0.285
0.607	0.049	0.001	0.343
0.354	0.001	0.001	0.644
0.091	0.008	0.033	0.868
>TCATTTTTTT	24-TCATTTTTTT	6.188736	-6.892540	0	T:107.0(69.03%),B:6480.3(56.52%),P:1e-2	Tpos:521.9,Tstd:305.5,Bpos:847281.2,Bstd:1121773.4,StrandBias:10.0,Multiplicity:1.81
0.123	0.053	0.127	0.697
0.214	0.631	0.048	0.107
0.713	0.096	0.070	0.121
0.102	0.126	0.048	0.724
0.081	0.096	0.110	0.713
0.116	0.096	0.122	0.666
0.161	0.063	0.064	0.712
0.113	0.096	0.032	0.759
0.207	0.059	0.079	0.655
0.143	0.068	0.074	0.715
>WWTTTWWWAA	25-WWTTTWWWAA	5.516282	-4.302111	0	T:93.0(60.00%),B:5820.7(50.77%),P:1e-1	Tpos:514.6,Tstd:252.9,Bpos:861004.8,Bstd:1122303.7,StrandBias:10.0,Multiplicity:1.69
0.512	0.040	0.001	0.447
0.449	0.013	0.001	0.537
0.410	0.001	0.001	0.588
0.319	0.001	0.064	0.616
0.259	0.148	0.113	0.480
0.325	0.116	0.188	0.370
0.411	0.113	0.143	0.332
0.381	0.154	0.124	0.340
0.467	0.128	0.116	0.289
0.667	0.182	0.150	0.001
