>TCTCTCACCT	1-TCTCTCACCT	4.355820	-29.515389	0	T:145.0(93.55%),B:7944.8(69.29%),P:1e-12	Tpos:523.4,Tstd:297.5,Bpos:865469.3,Bstd:1089327.8,StrandBias:10.0,Multiplicity:1.71
0.001	0.001	0.001	0.997
0.070	0.859	0.001	0.070
0.144	0.001	0.070	0.785
0.070	0.859	0.001	0.070
0.070	0.001	0.144	0.785
0.001	0.929	0.001	0.069
0.719	0.070	0.070	0.141
0.070	0.718	0.001	0.211
0.151	0.567	0.001	0.281
0.074	0.074	0.001	0.851
>WBWGARADAW	2-WBWGARADAW	4.678586	-27.856786	0	T:147.0(94.84%),B:8297.9(72.37%),P:1e-12	Tpos:471.5,Tstd:287.9,Bpos:852611.2,Bstd:1069751.4,StrandBias:10.0,Multiplicity:1.44
0.448	0.001	0.173	0.378
0.138	0.256	0.280	0.327
0.402	0.067	0.165	0.366
0.008	0.268	0.543	0.181
0.413	0.197	0.142	0.248
0.421	0.008	0.433	0.138
0.516	0.106	0.150	0.228
0.256	0.138	0.358	0.248
0.972	0.023	0.004	0.001
0.413	0.122	0.001	0.464
>ATTGCACAAY	3-ATTGCACAAY	-0.808310	-26.220032	0	T:126.0(81.29%),B:6267.4(54.66%),P:1e-11	Tpos:556.6,Tstd:277.7,Bpos:864763.9,Bstd:1099953.5,StrandBias:10.0,Multiplicity:1.90
0.997	0.001	0.001	0.001
0.001	0.001	0.001	0.997
0.001	0.001	0.001	0.997
0.001	0.001	0.997	0.001
0.001	0.997	0.001	0.001
0.997	0.001	0.001	0.001
0.001	0.997	0.001	0.001
0.997	0.001	0.001	0.001
0.997	0.001	0.001	0.001
0.001	0.564	0.001	0.434
>ADAAATBNAT	4-ADAAATBNAT	4.913017	-24.033041	0	T:137.0(88.39%),B:7452.1(65.00%),P:1e-10	Tpos:465.9,Tstd:283.1,Bpos:850561.7,Bstd:1081845.0,StrandBias:10.0,Multiplicity:1.49
0.449	0.217	0.066	0.269
0.287	0.166	0.328	0.219
0.563	0.183	0.253	0.001
0.728	0.001	0.001	0.270
0.586	0.050	0.018	0.346
0.339	0.037	0.001	0.623
0.101	0.252	0.352	0.295
0.311	0.230	0.162	0.298
0.530	0.015	0.243	0.212
0.001	0.278	0.214	0.507
>AAAAAGAGAA	5-AAAAAGAGAA	5.350566	-22.850622	0	T:139.0(89.68%),B:7743.0(67.54%),P:1e-9	Tpos:502.7,Tstd:290.2,Bpos:829082.8,Bstd:1027168.1,StrandBias:10.0,Multiplicity:1.71
0.634	0.112	0.161	0.093
0.580	0.132	0.200	0.088
0.702	0.073	0.224	0.001
0.605	0.107	0.166	0.122
0.630	0.083	0.146	0.141
0.122	0.141	0.649	0.088
0.655	0.029	0.175	0.141
0.117	0.127	0.629	0.127
0.922	0.005	0.010	0.063
0.605	0.014	0.001	0.380
>KVVRADRRAD	6-KVVRADRRAD	4.301611	-21.828750	0	T:146.0(94.19%),B:8591.2(74.93%),P:1e-9	Tpos:465.7,Tstd:278.9,Bpos:858288.9,Bstd:1056811.8,StrandBias:10.0,Multiplicity:1.69
0.224	0.026	0.418	0.332
0.246	0.233	0.353	0.168
0.379	0.250	0.370	0.001
0.555	0.001	0.443	0.001
0.602	0.001	0.396	0.001
0.349	0.073	0.323	0.254
0.272	0.190	0.392	0.146
0.422	0.099	0.431	0.047
0.603	0.001	0.323	0.073
0.319	0.082	0.293	0.306
>WAAAAAAAAW	7-WAAAAAAAAW	5.217161	-20.971552	0	T:127.0(81.94%),B:6739.3(58.78%),P:1e-9	Tpos:550.1,Tstd:273.5,Bpos:861993.1,Bstd:1118060.6,StrandBias:10.0,Multiplicity:1.73
0.373	0.124	0.162	0.341
0.431	0.160	0.188	0.221
0.470	0.163	0.139	0.227
0.508	0.121	0.175	0.196
0.545	0.124	0.145	0.186
0.650	0.067	0.106	0.177
0.668	0.072	0.064	0.196
0.683	0.070	0.058	0.189
0.734	0.029	0.011	0.226
0.539	0.030	0.013	0.418
>AAAWDAAAAT	8-AAAWDAAAAT	4.864624	-19.855855	0	T:141.0(90.97%),B:8177.9(71.33%),P:1e-8	Tpos:444.0,Tstd:282.1,Bpos:834088.2,Bstd:1058224.4,StrandBias:10.0,Multiplicity:1.76
0.648	0.091	0.260	0.001
0.558	0.105	0.159	0.178
0.475	0.086	0.204	0.234
0.449	0.091	0.140	0.321
0.385	0.133	0.239	0.243
0.434	0.113	0.203	0.251
0.513	0.076	0.198	0.213
0.513	0.148	0.216	0.123
0.663	0.001	0.001	0.335
0.001	0.071	0.128	0.800
>ATGATMWTTT	9-ATGATMWTTT	5.090978	-19.401782	0	T:140.0(90.32%),B:8107.9(70.72%),P:1e-8	Tpos:529.3,Tstd:284.4,Bpos:856839.1,Bstd:1082384.3,StrandBias:10.0,Multiplicity:1.72
0.606	0.007	0.009	0.378
0.161	0.188	0.062	0.589
0.064	0.235	0.651	0.050
0.698	0.121	0.050	0.131
0.252	0.067	0.126	0.555
0.235	0.373	0.185	0.207
0.359	0.081	0.078	0.482
0.119	0.102	0.157	0.622
0.159	0.100	0.040	0.701
0.095	0.195	0.154	0.556
>WYGAAWDHDT	10-WYGAAWDHDT	5.486026	-19.069723	0	T:138.0(89.03%),B:7928.7(69.16%),P:1e-8	Tpos:477.3,Tstd:260.5,Bpos:850819.8,Bstd:1078271.1,StrandBias:10.0,Multiplicity:1.65
0.410	0.001	0.196	0.393
0.125	0.464	0.001	0.410
0.001	0.266	0.732	0.001
0.997	0.001	0.001	0.001
0.589	0.001	0.409	0.001
0.393	0.143	0.126	0.339
0.339	0.161	0.286	0.214
0.410	0.303	0.001	0.285
0.339	0.179	0.197	0.285
0.392	0.001	0.001	0.606
>TTTTCTTYTT	11-TTTTCTTYTT	5.174659	-18.614004	0	T:135.0(87.10%),B:7668.2(66.88%),P:1e-8	Tpos:526.8,Tstd:295.5,Bpos:823261.5,Bstd:1035805.5,StrandBias:10.0,Multiplicity:1.57
0.159	0.103	0.059	0.679
0.123	0.169	0.093	0.615
0.106	0.230	0.106	0.558
0.109	0.139	0.103	0.649
0.163	0.457	0.136	0.244
0.149	0.128	0.098	0.625
0.078	0.195	0.086	0.641
0.127	0.389	0.181	0.304
0.279	0.111	0.098	0.512
0.216	0.001	0.113	0.670
>TYBNHTTBWT	12-TYBNHTTBWT	4.354124	-18.061099	0	T:147.0(94.84%),B:8991.8(78.43%),P:1e-7	Tpos:525.8,Tstd:278.8,Bpos:828336.1,Bstd:1040981.6,StrandBias:10.0,Multiplicity:1.56
0.213	0.244	0.146	0.397
0.044	0.381	0.203	0.371
0.060	0.336	0.238	0.365
0.229	0.260	0.209	0.302
0.244	0.248	0.156	0.352
0.276	0.250	0.001	0.473
0.001	0.405	0.001	0.593
0.001	0.371	0.266	0.362
0.390	0.238	0.001	0.371
0.126	0.001	0.001	0.872
>TTTTTTTTTT	13-TTTTTTTTTT	4.967846	-17.048103	0	T:131.0(84.52%),B:7420.6(64.72%),P:1e-7	Tpos:550.3,Tstd:289.4,Bpos:839058.3,Bstd:1082524.4,StrandBias:10.0,Multiplicity:1.78
0.264	0.097	0.079	0.560
0.170	0.089	0.084	0.657
0.097	0.139	0.085	0.679
0.113	0.237	0.119	0.531
0.171	0.180	0.084	0.565
0.124	0.195	0.134	0.547
0.224	0.211	0.128	0.437
0.256	0.153	0.087	0.504
0.238	0.086	0.081	0.595
0.176	0.149	0.084	0.591
>ATTSWGTGAW	14-ATTSWGTGAW	5.557374	-16.926484	0	T:126.0(81.29%),B:6981.0(60.89%),P:1e-7	Tpos:463.5,Tstd:276.7,Bpos:851946.0,Bstd:1068877.1,StrandBias:10.0,Multiplicity:1.56
0.627	0.005	0.082	0.286
0.352	0.001	0.127	0.520
0.163	0.026	0.076	0.735
0.122	0.464	0.327	0.087
0.444	0.015	0.076	0.464
0.031	0.127	0.627	0.215
0.240	0.199	0.001	0.560
0.189	0.061	0.623	0.127
0.832	0.005	0.010	0.153
0.408	0.031	0.005	0.556
>DGAGAGWGAG	15-DGAGAGWGAG	5.095397	-16.377963	0	T:129.0(83.23%),B:7295.7(63.63%),P:1e-7	Tpos:533.1,Tstd:293.2,Bpos:856663.6,Bstd:1056884.0,StrandBias:10.0,Multiplicity:1.81
0.385	0.037	0.238	0.340
0.101	0.128	0.734	0.037
0.633	0.019	0.229	0.119
0.357	0.037	0.560	0.046
0.551	0.037	0.156	0.256
0.366	0.018	0.543	0.073
0.450	0.083	0.073	0.394
0.055	0.055	0.872	0.018
0.806	0.028	0.028	0.138
0.156	0.037	0.624	0.183
>TDNDTKVAAT	16-TDNDTKVAAT	5.420505	-15.505292	0	T:127.0(81.94%),B:7193.1(62.74%),P:1e-6	Tpos:540.9,Tstd:273.9,Bpos:848726.6,Bstd:1087849.2,StrandBias:10.0,Multiplicity:1.30
0.405	0.001	0.026	0.568
0.207	0.190	0.259	0.345
0.215	0.250	0.233	0.302
0.241	0.035	0.379	0.345
0.241	0.293	0.001	0.465
0.001	0.025	0.518	0.456
0.310	0.388	0.301	0.001
0.483	0.190	0.069	0.259
0.723	0.001	0.001	0.275
0.001	0.001	0.001	0.997
>HNHHATTGCA	17-HNHHATTGCA	5.624867	-14.515838	0	T:117.0(75.48%),B:6431.4(56.10%),P:1e-6	Tpos:519.7,Tstd:286.4,Bpos:854601.6,Bstd:1082298.4,StrandBias:10.0,Multiplicity:1.76
0.305	0.227	0.148	0.319
0.314	0.209	0.183	0.293
0.375	0.232	0.166	0.227
0.355	0.209	0.183	0.253
0.820	0.040	0.044	0.096
0.122	0.044	0.026	0.808
0.017	0.026	0.001	0.956
0.026	0.061	0.695	0.218
0.061	0.877	0.061	0.001
0.826	0.017	0.105	0.052
>AGATCAAMAW	18-AGATCAAMAW	5.194115	-13.949945	0	T:133.0(85.81%),B:7880.6(68.74%),P:1e-6	Tpos:476.6,Tstd:265.7,Bpos:875602.8,Bstd:1095883.1,StrandBias:10.0,Multiplicity:1.56
0.492	0.278	0.066	0.164
0.196	0.213	0.575	0.016
0.738	0.082	0.049	0.131
0.065	0.016	0.016	0.903
0.033	0.869	0.065	0.033
0.853	0.016	0.115	0.016
0.739	0.049	0.147	0.065
0.328	0.394	0.148	0.131
0.607	0.033	0.213	0.147
0.492	0.049	0.115	0.344
>TTCHWTTYTT	19-TTCHWTTYTT	5.157849	-13.793549	0	T:139.0(89.68%),B:8473.4(73.91%),P:1e-5	Tpos:574.6,Tstd:304.1,Bpos:826150.8,Bstd:1042960.2,StrandBias:10.0,Multiplicity:1.79
0.268	0.168	0.067	0.497
0.081	0.284	0.064	0.571
0.213	0.491	0.270	0.026
0.403	0.279	0.031	0.287
0.391	0.147	0.048	0.413
0.112	0.223	0.002	0.663
0.033	0.209	0.135	0.623
0.131	0.367	0.170	0.332
0.375	0.048	0.005	0.572
0.016	0.279	0.031	0.674
>TCYCTTCTCT	20-TCYCTTCTCT	5.425253	-13.788079	0	T:126.0(81.29%),B:7263.2(63.35%),P:1e-5	Tpos:538.9,Tstd:284.1,Bpos:823065.8,Bstd:1043067.9,StrandBias:10.0,Multiplicity:1.93
0.063	0.278	0.027	0.632
0.067	0.581	0.168	0.184
0.207	0.366	0.070	0.356
0.172	0.508	0.054	0.266
0.113	0.344	0.035	0.508
0.027	0.258	0.034	0.681
0.011	0.868	0.031	0.090
0.133	0.199	0.027	0.641
0.148	0.594	0.031	0.227
0.093	0.121	0.042	0.744
>WAWAAAATTT	21-WAWAAAATTT	6.148628	-13.423369	0	T:110.0(70.97%),B:5971.2(52.08%),P:1e-5	Tpos:466.9,Tstd:267.4,Bpos:852193.9,Bstd:1102995.2,StrandBias:10.0,Multiplicity:1.84
0.376	0.203	0.120	0.301
0.549	0.090	0.143	0.218
0.414	0.211	0.083	0.293
0.541	0.053	0.113	0.293
0.525	0.166	0.068	0.241
0.421	0.233	0.083	0.263
0.895	0.030	0.015	0.060
0.309	0.015	0.008	0.668
0.053	0.008	0.008	0.931
0.023	0.015	0.248	0.714
>HMATTYYHAW	22-HMATTYYHAW	4.828135	-12.254806	0	T:138.0(89.03%),B:8516.9(74.28%),P:1e-5	Tpos:509.3,Tstd:295.2,Bpos:842339.8,Bstd:1078629.9,StrandBias:10.0,Multiplicity:1.68
0.322	0.263	0.165	0.250
0.527	0.421	0.026	0.026
0.730	0.112	0.099	0.059
0.039	0.323	0.026	0.612
0.079	0.066	0.072	0.783
0.020	0.401	0.040	0.539
0.013	0.368	0.191	0.428
0.296	0.322	0.066	0.316
0.815	0.079	0.053	0.053
0.421	0.046	0.039	0.494
>TTTYSAAATT	23-TTTYSAAATT	5.762577	-10.712017	0	T:126.0(81.29%),B:7572.9(66.05%),P:1e-4	Tpos:522.9,Tstd:270.1,Bpos:851718.5,Bstd:1094067.7,StrandBias:10.0,Multiplicity:1.67
0.260	0.066	0.012	0.662
0.202	0.202	0.095	0.501
0.066	0.190	0.099	0.645
0.054	0.430	0.136	0.380
0.219	0.417	0.355	0.008
0.504	0.244	0.095	0.157
0.644	0.054	0.017	0.285
0.607	0.049	0.001	0.343
0.354	0.001	0.001	0.644
0.091	0.008	0.033	0.868
>TCATTTTTTT	24-TCATTTTTTT	6.188736	-6.892540	0	T:107.0(69.03%),B:6480.3(56.52%),P:1e-2	Tpos:521.9,Tstd:305.5,Bpos:847281.2,Bstd:1121773.4,StrandBias:10.0,Multiplicity:1.81
0.123	0.053	0.127	0.697
0.214	0.631	0.048	0.107
0.713	0.096	0.070	0.121
0.102	0.126	0.048	0.724
0.081	0.096	0.110	0.713
0.116	0.096	0.122	0.666
0.161	0.063	0.064	0.712
0.113	0.096	0.032	0.759
0.207	0.059	0.079	0.655
0.143	0.068	0.074	0.715
>WWTTTWWWAA	25-WWTTTWWWAA	5.516282	-4.302111	0	T:93.0(60.00%),B:5820.7(50.77%),P:1e-1	Tpos:514.6,Tstd:252.9,Bpos:861004.8,Bstd:1122303.7,StrandBias:10.0,Multiplicity:1.69
0.512	0.040	0.001	0.447
0.449	0.013	0.001	0.537
0.410	0.001	0.001	0.588
0.319	0.001	0.064	0.616
0.259	0.148	0.113	0.480
0.325	0.116	0.188	0.370
0.411	0.113	0.143	0.332
0.381	0.154	0.124	0.340
0.467	0.128	0.116	0.289
0.667	0.182	0.150	0.001
>YWWTTTCGAAAT	1-YWWTTTCGAAAT	5.686985	-31.112779	0	T:143.0(92.26%),B:7609.8(66.37%),P:1e-13	Tpos:527.4,Tstd:275.9,Bpos:849436.9,Bstd:1090319.1,StrandBias:10.0,Multiplicity:1.71
0.210	0.303	0.080	0.407
0.377	0.222	0.173	0.228
0.445	0.062	0.012	0.481
0.247	0.123	0.001	0.629
0.099	0.074	0.043	0.784
0.001	0.160	0.185	0.654
0.216	0.457	0.111	0.216
0.222	0.185	0.451	0.142
0.512	0.241	0.080	0.167
0.691	0.080	0.130	0.099
0.673	0.001	0.098	0.228
0.105	0.006	0.012	0.877
>TTGCACAACATT	2-TTGCACAACATT	5.849601	-28.349256	0	T:111.0(71.61%),B:4901.0(42.75%),P:1e-12	Tpos:529.4,Tstd:287.2,Bpos:855014.9,Bstd:1093409.7,StrandBias:10.0,Multiplicity:1.47
0.100	0.028	0.084	0.788
0.028	0.112	0.001	0.859
0.075	0.028	0.784	0.113
0.062	0.694	0.188	0.056
0.803	0.028	0.056	0.113
0.156	0.601	0.102	0.141
0.841	0.075	0.028	0.056
0.720	0.084	0.056	0.140
0.130	0.653	0.056	0.161
0.793	0.048	0.112	0.047
0.140	0.140	0.028	0.692
0.056	0.056	0.112	0.776
>ATTGCACAAYCT	3-ATTGCACAAYCT	8.749382	-27.467144	0	T:21.0(13.55%),B:198.5(1.73%),P:1e-11	Tpos:700.6,Tstd:213.6,Bpos:896376.9,Bstd:1083750.5,StrandBias:10.0,Multiplicity:1.10
0.997	0.001	0.001	0.001
0.001	0.001	0.001	0.997
0.001	0.001	0.001	0.997
0.001	0.001	0.997	0.001
0.001	0.997	0.001	0.001
0.997	0.001	0.001	0.001
0.001	0.997	0.001	0.001
0.997	0.001	0.001	0.001
0.997	0.001	0.001	0.001
0.001	0.435	0.001	0.563
0.303	0.686	0.010	0.001
0.018	0.001	0.360	0.621
>AWVDRAAAWKAW	4-AWVDRAAAWKAW	5.319150	-22.122520	0	T:140.0(90.32%),B:7900.3(68.91%),P:1e-9	Tpos:469.3,Tstd:299.7,Bpos:840726.0,Bstd:1062379.2,StrandBias:10.0,Multiplicity:1.77
0.527	0.163	0.143	0.167
0.424	0.053	0.200	0.323
0.371	0.233	0.257	0.139
0.331	0.078	0.224	0.367
0.355	0.143	0.501	0.001
0.592	0.155	0.110	0.143
0.799	0.001	0.199	0.001
0.555	0.001	0.163	0.281
0.465	0.057	0.001	0.477
0.001	0.241	0.338	0.420
0.575	0.001	0.257	0.167
0.274	0.073	0.245	0.408
>TCTBMMAAAAAT	5-TCTBMMAAAAAT	6.287667	-20.315739	0	T:116.0(74.84%),B:5857.0(51.09%),P:1e-8	Tpos:498.3,Tstd:288.7,Bpos:846263.7,Bstd:1091518.8,StrandBias:10.0,Multiplicity:1.34
0.001	0.001	0.001	0.997
0.001	0.522	0.130	0.347
0.109	0.022	0.043	0.826
0.108	0.305	0.348	0.239
0.391	0.413	0.152	0.044
0.391	0.261	0.239	0.109
0.587	0.087	0.261	0.065
0.521	0.196	0.109	0.174
0.825	0.001	0.173	0.001
0.586	0.022	0.131	0.261
0.544	0.001	0.195	0.260
0.001	0.216	0.001	0.782
>TCTCTCKCTTYT	6-TCTCTCKCTTYT	4.911605	-20.296741	0	T:139.0(89.68%),B:7935.0(69.21%),P:1e-8	Tpos:516.8,Tstd:296.8,Bpos:847177.3,Bstd:1094521.2,StrandBias:10.0,Multiplicity:1.66
0.086	0.164	0.095	0.655
0.060	0.733	0.009	0.198
0.155	0.104	0.207	0.534
0.155	0.621	0.146	0.078
0.112	0.060	0.095	0.733
0.043	0.846	0.077	0.034
0.190	0.095	0.431	0.284
0.181	0.647	0.060	0.112
0.129	0.121	0.121	0.629
0.095	0.310	0.103	0.491
0.216	0.414	0.069	0.302
0.086	0.241	0.172	0.501
>TTATTAAATATB	7-TTATTAAATATB	4.820991	-19.935224	0	T:144.0(92.90%),B:8499.5(74.13%),P:1e-8	Tpos:498.5,Tstd:263.9,Bpos:841581.3,Bstd:1079664.8,StrandBias:10.0,Multiplicity:1.59
0.115	0.122	0.137	0.626
0.129	0.137	0.144	0.590
0.579	0.144	0.176	0.101
0.097	0.094	0.111	0.698
0.086	0.169	0.169	0.576
0.627	0.147	0.140	0.086
0.626	0.165	0.112	0.097
0.557	0.155	0.126	0.162
0.083	0.155	0.076	0.686
0.676	0.137	0.076	0.111
0.133	0.022	0.086	0.759
0.001	0.338	0.262	0.399
>ATGTTGTGCAAT	8-ATGTTGTGCAAT	11.570635	-19.628582	0	T:18.0(11.61%),B:222.5(1.94%),P:1e-8	Tpos:614.7,Tstd:258.5,Bpos:886543.8,Bstd:1135254.3,StrandBias:10.0,Multiplicity:1.00
0.888	0.110	0.001	0.001
0.001	0.094	0.111	0.794
0.110	0.001	0.888	0.001
0.110	0.001	0.001	0.888
0.001	0.001	0.001	0.997
0.110	0.001	0.888	0.001
0.001	0.001	0.001	0.997
0.001	0.001	0.997	0.001
0.001	0.997	0.001	0.001
0.997	0.001	0.001	0.001
0.997	0.001	0.001	0.001
0.001	0.110	0.001	0.888
>TCMATTTTTTTT	9-TCMATTTTTTTT	6.810870	-18.434124	0	T:107.0(69.03%),B:5297.2(46.20%),P:1e-8	Tpos:515.5,Tstd:296.3,Bpos:855401.9,Bstd:1105986.0,StrandBias:10.0,Multiplicity:1.44
0.092	0.119	0.064	0.725
0.073	0.495	0.266	0.165
0.477	0.349	0.101	0.074
0.679	0.073	0.092	0.156
0.074	0.247	0.073	0.606
0.321	0.046	0.082	0.551
0.330	0.046	0.037	0.587
0.284	0.018	0.046	0.652
0.073	0.082	0.064	0.781
0.275	0.055	0.064	0.606
0.082	0.055	0.092	0.771
0.055	0.073	0.055	0.817
>GGGCCCCCATAB	10-GGGCCCCCATAB	3.969734	-18.136504	0	T:125.0(80.65%),B:6790.4(59.23%),P:1e-7	Tpos:533.9,Tstd:285.6,Bpos:870169.3,Bstd:1115247.1,StrandBias:10.0,Multiplicity:1.54
0.097	0.141	0.611	0.151
0.140	0.146	0.572	0.142
0.136	0.131	0.626	0.107
0.169	0.618	0.091	0.122
0.154	0.619	0.085	0.142
0.135	0.633	0.107	0.125
0.136	0.519	0.180	0.165
0.136	0.671	0.034	0.159
0.710	0.102	0.087	0.101
0.113	0.096	0.078	0.713
0.707	0.061	0.056	0.176
0.001	0.318	0.266	0.415
>DDDAGADNRAAD	11-DDDAGADNRAAD	4.977565	-16.826529	0	T:134.0(86.45%),B:7720.7(67.34%),P:1e-7	Tpos:526.5,Tstd:294.5,Bpos:843599.8,Bstd:1040450.5,StrandBias:10.0,Multiplicity:1.85
0.345	0.001	0.306	0.348
0.336	0.162	0.288	0.213
0.327	0.135	0.321	0.216
0.477	0.291	0.001	0.231
0.363	0.001	0.615	0.021
0.564	0.001	0.198	0.237
0.327	0.001	0.366	0.306
0.276	0.207	0.312	0.204
0.488	0.001	0.510	0.001
0.534	0.234	0.231	0.001
0.591	0.001	0.405	0.003
0.348	0.168	0.198	0.285
>GAATGATCGWRA	12-GAATGATCGWRA	5.022731	-15.656589	0	T:132.0(85.16%),B:7633.3(66.58%),P:1e-6	Tpos:495.7,Tstd:270.3,Bpos:862787.4,Bstd:1084027.8,StrandBias:10.0,Multiplicity:1.83
0.238	0.115	0.639	0.008
0.639	0.254	0.033	0.074
0.631	0.033	0.230	0.106
0.303	0.148	0.008	0.541
0.041	0.197	0.680	0.082
0.664	0.041	0.090	0.205
0.098	0.049	0.098	0.755
0.025	0.590	0.172	0.213
0.197	0.049	0.664	0.090
0.303	0.230	0.033	0.435
0.402	0.016	0.418	0.164
0.656	0.131	0.074	0.139
>ATTAATAATAAT	13-ATTAATAATAAT	4.621630	-15.085201	0	T:143.0(92.26%),B:8775.2(76.54%),P:1e-6	Tpos:490.7,Tstd:276.3,Bpos:847013.3,Bstd:1075422.1,StrandBias:10.0,Multiplicity:1.55
0.661	0.088	0.131	0.120
0.107	0.157	0.126	0.610
0.107	0.118	0.157	0.618
0.579	0.126	0.201	0.094
0.667	0.093	0.101	0.139
0.069	0.107	0.164	0.660
0.653	0.126	0.120	0.101
0.686	0.113	0.132	0.069
0.082	0.106	0.120	0.692
0.666	0.107	0.151	0.076
0.805	0.056	0.076	0.063
0.069	0.139	0.088	0.704
>YTYYYYCHYTTY	14-YTYYYYCHYTTY	5.166053	-14.697122	0	T:138.0(89.03%),B:8293.9(72.34%),P:1e-6	Tpos:587.3,Tstd:288.1,Bpos:843968.2,Bstd:1054785.5,StrandBias:10.0,Multiplicity:1.67
0.227	0.277	0.081	0.414
0.044	0.265	0.146	0.545
0.001	0.426	0.003	0.570
0.181	0.346	0.112	0.361
0.112	0.355	0.128	0.405
0.171	0.346	0.081	0.402
0.115	0.436	0.274	0.174
0.305	0.327	0.016	0.352
0.206	0.364	0.093	0.336
0.001	0.311	0.134	0.554
0.264	0.093	0.001	0.642
0.001	0.501	0.003	0.495
>TTATTHTTATTT	15-TTATTHTTATTT	5.262807	-14.595764	0	T:140.0(90.32%),B:8503.3(74.17%),P:1e-6	Tpos:553.0,Tstd:288.9,Bpos:829014.7,Bstd:1055182.6,StrandBias:10.0,Multiplicity:2.02
0.083	0.154	0.083	0.680
0.087	0.287	0.179	0.446
0.458	0.175	0.117	0.250
0.117	0.262	0.079	0.542
0.088	0.200	0.100	0.612
0.338	0.254	0.138	0.271
0.100	0.171	0.092	0.637
0.063	0.275	0.129	0.533
0.500	0.242	0.113	0.146
0.063	0.050	0.058	0.829
0.071	0.067	0.075	0.787
0.001	0.312	0.183	0.504
>AAAGTGGAAAAA	16-AAAGTGGAAAAA	-4.442683	-14.564363	0	T:118.0(76.13%),B:6509.9(56.78%),P:1e-6	Tpos:471.5,Tstd:286.0,Bpos:840398.9,Bstd:1081157.6,StrandBias:10.0,Multiplicity:1.93
0.997	0.001	0.001	0.001
0.997	0.001	0.001	0.001
0.811	0.099	0.001	0.089
0.001	0.001	0.997	0.001
0.001	0.001	0.001	0.997
0.001	0.001	0.997	0.001
0.001	0.001	0.997	0.001
0.997	0.001	0.001	0.001
0.997	0.001	0.001	0.001
0.883	0.115	0.001	0.001
0.997	0.001	0.001	0.001
0.997	0.001	0.001	0.001
>TCTCKCTTCTCT	17-TCTCKCTTCTCT	6.465027	-13.382649	0	T:95.0(61.29%),B:4837.9(42.20%),P:1e-5	Tpos:540.5,Tstd:299.9,Bpos:838705.7,Bstd:1030979.4,StrandBias:10.0,Multiplicity:1.74
0.125	0.213	0.095	0.567
0.132	0.566	0.096	0.206
0.088	0.198	0.051	0.663
0.066	0.779	0.059	0.096
0.132	0.199	0.382	0.287
0.169	0.514	0.052	0.265
0.103	0.250	0.052	0.595
0.066	0.184	0.059	0.691
0.066	0.684	0.096	0.154
0.073	0.206	0.022	0.699
0.022	0.824	0.044	0.110
0.059	0.125	0.096	0.720
>TATTATTAAATT	18-TATTATTAAATT	5.287491	-13.103821	0	T:128.0(82.58%),B:7505.2(65.46%),P:1e-5	Tpos:486.5,Tstd:290.5,Bpos:833376.0,Bstd:1075983.3,StrandBias:10.0,Multiplicity:1.40
0.156	0.107	0.123	0.614
0.652	0.101	0.130	0.117
0.110	0.127	0.123	0.640
0.114	0.156	0.146	0.584
0.627	0.110	0.146	0.117
0.110	0.123	0.140	0.627
0.104	0.185	0.133	0.578
0.610	0.146	0.156	0.088
0.707	0.091	0.101	0.101
0.652	0.127	0.117	0.104
0.172	0.042	0.078	0.708
0.001	0.279	0.269	0.451
>MACNNATYRAWT	19-MACNNATYRAWT	5.656301	-12.672319	0	T:130.0(83.87%),B:7726.9(67.39%),P:1e-5	Tpos:537.5,Tstd:273.4,Bpos:844470.0,Bstd:1067662.9,StrandBias:10.0,Multiplicity:1.54
0.519	0.479	0.001	0.001
0.676	0.001	0.181	0.142
0.116	0.533	0.001	0.350
0.195	0.325	0.272	0.208
0.260	0.234	0.286	0.221
0.506	0.286	0.013	0.195
0.286	0.143	0.001	0.570
0.001	0.506	0.001	0.492
0.389	0.195	0.390	0.026
0.804	0.091	0.001	0.104
0.519	0.001	0.001	0.479
0.194	0.001	0.065	0.740
>ATTATTATTATT	20-ATTATTATTATT	5.584547	-11.989643	0	T:124.0(80.00%),B:7266.3(63.38%),P:1e-5	Tpos:481.4,Tstd:261.0,Bpos:832686.3,Bstd:1060150.6,StrandBias:10.0,Multiplicity:1.52
0.461	0.159	0.090	0.290
0.215	0.136	0.100	0.549
0.140	0.230	0.146	0.484
0.449	0.186	0.152	0.213
0.152	0.138	0.075	0.635
0.102	0.221	0.186	0.491
0.420	0.238	0.102	0.240
0.142	0.129	0.100	0.629
0.154	0.211	0.140	0.495
0.424	0.163	0.148	0.265
0.154	0.002	0.004	0.840
0.002	0.119	0.019	0.860
>AAAAAAAAAAAA	21-AAAAAAAAAAAA	5.974673	-11.660710	0	T:116.0(74.84%),B:6631.0(57.84%),P:1e-5	Tpos:499.9,Tstd:269.5,Bpos:838164.0,Bstd:1070838.8,StrandBias:10.0,Multiplicity:1.86
0.600	0.050	0.265	0.085
0.681	0.001	0.164	0.154
0.592	0.058	0.212	0.138
0.643	0.061	0.173	0.123
0.727	0.001	0.199	0.073
0.681	0.050	0.157	0.112
0.584	0.015	0.243	0.158
0.573	0.019	0.296	0.112
0.676	0.001	0.185	0.138
0.596	0.001	0.284	0.119
0.796	0.001	0.188	0.015
0.500	0.001	0.257	0.242
>AWWAWHWHHAAW	22-AWWAWHWHHAAW	5.226816	-11.355289	0	T:117.0(75.48%),B:6744.2(58.82%),P:1e-4	Tpos:465.6,Tstd:243.3,Bpos:863101.7,Bstd:1121197.5,StrandBias:10.0,Multiplicity:1.76
0.609	0.001	0.001	0.389
0.470	0.001	0.073	0.457
0.290	0.177	0.182	0.351
0.564	0.001	0.057	0.378
0.395	0.001	0.093	0.511
0.307	0.231	0.088	0.375
0.373	0.193	0.116	0.317
0.315	0.192	0.170	0.323
0.348	0.211	0.186	0.255
0.383	0.215	0.171	0.231
0.629	0.001	0.001	0.369
0.413	0.177	0.001	0.409
>TTTTTTTWTTTT	23-TTTTTTTWTTTT	6.443153	-10.616450	0	T:108.0(69.68%),B:6102.7(53.23%),P:1e-4	Tpos:545.2,Tstd:271.4,Bpos:837245.2,Bstd:1114756.4,StrandBias:10.0,Multiplicity:1.65
0.215	0.070	0.078	0.637
0.247	0.121	0.075	0.557
0.102	0.116	0.075	0.707
0.043	0.274	0.081	0.602
0.132	0.263	0.140	0.465
0.204	0.215	0.089	0.492
0.140	0.212	0.132	0.516
0.285	0.177	0.113	0.425
0.293	0.108	0.022	0.577
0.110	0.070	0.038	0.782
0.116	0.051	0.035	0.798
0.032	0.156	0.054	0.758
>TGGGCCCCCATA	24-TGGGCCCCCATA	-6.709344	-8.020734	0	T:107.0(69.03%),B:6330.6(55.22%),P:1e-3	Tpos:504.1,Tstd:288.4,Bpos:850725.5,Bstd:1082461.6,StrandBias:10.0,Multiplicity:1.84
0.129	0.001	0.001	0.869
0.129	0.001	0.869	0.001
0.001	0.001	0.869	0.129
0.001	0.001	0.997	0.001
0.001	0.997	0.001	0.001
0.001	0.869	0.001	0.129
0.001	0.869	0.001	0.129
0.001	0.997	0.001	0.001
0.001	0.869	0.129	0.001
0.997	0.001	0.001	0.001
0.001	0.001	0.001	0.997
0.997	0.001	0.001	0.001
>NNNNNNNNNNNN	25-NNNNNNNNNNNN	-nan	0.000000	0	T:0.0(0.00%),B:0.0(0.00%),P:1e0	Tpos:0.0,Tstd:0.0,Bpos:0.0,Bstd:0.0,StrandBias:0.0,Multiplicity:1.00
-nan	-nan	-nan	-nan
-nan	-nan	-nan	-nan
-nan	-nan	-nan	-nan
-nan	-nan	-nan	-nan
-nan	-nan	-nan	-nan
-nan	-nan	-nan	-nan
-nan	-nan	-nan	-nan
-nan	-nan	-nan	-nan
-nan	-nan	-nan	-nan
-nan	-nan	-nan	-nan
-nan	-nan	-nan	-nan
-nan	-nan	-nan	-nan
>TTGTGCAA	1-TTGTGCAA	8.030896	-28.868959	0	T:53.0(34.19%),B:1337.1(11.66%),P:1e-12	Tpos:636.0,Tstd:256.1,Bpos:853501.0,Bstd:1095326.9,StrandBias:10.0,Multiplicity:1.19
0.001	0.001	0.001	0.997
0.001	0.134	0.001	0.864
0.106	0.001	0.884	0.009
0.001	0.283	0.001	0.715
0.283	0.001	0.715	0.001
0.001	0.864	0.001	0.134
0.893	0.001	0.001	0.105
0.997	0.001	0.001	0.001
>TTYTTTTA	2-TTYTTTTA	4.033496	-27.437890	0	T:154.0(99.35%),B:9373.3(81.75%),P:1e-11	Tpos:533.9,Tstd:309.6,Bpos:828714.7,Bstd:1049045.9,StrandBias:10.0,Multiplicity:1.57
0.165	0.095	0.100	0.640
0.135	0.153	0.079	0.633
0.090	0.356	0.073	0.480
0.118	0.207	0.102	0.573
0.130	0.243	0.137	0.490
0.253	0.172	0.117	0.458
0.149	0.239	0.134	0.478
0.538	0.295	0.166	0.001
>TGCACAWW	3-TGCACAWW	4.723448	-23.397019	0	T:129.0(83.23%),B:6736.8(58.76%),P:1e-10	Tpos:524.0,Tstd:285.1,Bpos:850510.6,Bstd:1087135.9,StrandBias:10.0,Multiplicity:1.62
0.041	0.111	0.024	0.824
0.226	0.090	0.601	0.083
0.054	0.575	0.039	0.332
0.784	0.039	0.074	0.103
0.113	0.732	0.063	0.092
0.761	0.043	0.054	0.142
0.276	0.174	0.190	0.360
0.292	0.163	0.180	0.365
>WVAAAAAW	4-WVAAAAAW	4.690162	-23.176089	0	T:145.0(93.55%),B:8376.2(73.06%),P:1e-10	Tpos:487.8,Tstd:275.3,Bpos:849202.4,Bstd:1084614.6,StrandBias:10.0,Multiplicity:1.68
0.393	0.067	0.061	0.479
0.247	0.288	0.354	0.110
0.814	0.072	0.078	0.036
0.540	0.044	0.149	0.267
0.582	0.054	0.130	0.234
0.573	0.038	0.107	0.282
0.525	0.104	0.141	0.230
0.474	0.073	0.049	0.405
>ATGATCAT	5-ATGATCAT	2.343340	-21.444186	0	T:136.0(87.74%),B:7544.0(65.80%),P:1e-9	Tpos:507.7,Tstd:276.4,Bpos:844644.1,Bstd:1064982.2,StrandBias:10.0,Multiplicity:1.80
0.997	0.001	0.001	0.001
0.001	0.001	0.001	0.997
0.116	0.232	0.651	0.001
0.997	0.001	0.001	0.001
0.001	0.001	0.001	0.997
0.011	0.639	0.001	0.349
0.997	0.001	0.001	0.001
0.290	0.001	0.001	0.708
>CTCTCCTC	6-CTCTCCTC	2.119364	-21.292747	0	T:140.0(90.32%),B:7962.1(69.45%),P:1e-9	Tpos:519.4,Tstd:285.0,Bpos:864404.5,Bstd:1072960.8,StrandBias:10.0,Multiplicity:2.02
0.001	0.666	0.001	0.332
0.001	0.001	0.001	0.997
0.001	0.997	0.001	0.001
0.001	0.001	0.001	0.997
0.001	0.556	0.147	0.296
0.001	0.925	0.001	0.073
0.001	0.001	0.001	0.997
0.001	0.703	0.001	0.295
>AWSARRAA	7-AWSARRAA	6.151784	-18.461543	0	T:130.0(83.87%),B:7210.6(62.89%),P:1e-8	Tpos:463.9,Tstd:270.2,Bpos:837854.8,Bstd:1049592.4,StrandBias:10.0,Multiplicity:1.44
0.705	0.001	0.001	0.293
0.484	0.001	0.001	0.514
0.001	0.455	0.412	0.132
0.808	0.001	0.001	0.190
0.440	0.001	0.427	0.132
0.470	0.001	0.528	0.001
0.997	0.001	0.001	0.001
0.617	0.001	0.001	0.381
>AHATTGCA	8-AHATTGCA	5.095863	-17.730377	0	T:124.0(80.00%),B:6737.5(58.76%),P:1e-7	Tpos:522.9,Tstd:271.0,Bpos:855574.5,Bstd:1087169.2,StrandBias:10.0,Multiplicity:1.58
0.453	0.214	0.113	0.220
0.303	0.354	0.136	0.207
0.572	0.119	0.070	0.239
0.144	0.106	0.077	0.673
0.023	0.018	0.017	0.942
0.056	0.080	0.718	0.146
0.096	0.600	0.051	0.253
0.738	0.044	0.106	0.112
>TTTTTTYM	9-TTTTTTYM	4.498896	-17.115077	0	T:140.0(90.32%),B:8290.9(72.31%),P:1e-7	Tpos:539.2,Tstd:285.1,Bpos:849607.8,Bstd:1097206.2,StrandBias:10.0,Multiplicity:1.57
0.200	0.103	0.073	0.624
0.150	0.104	0.094	0.652
0.150	0.119	0.111	0.620
0.171	0.139	0.098	0.592
0.133	0.122	0.097	0.648
0.126	0.170	0.145	0.559
0.174	0.306	0.182	0.339
0.463	0.315	0.221	0.001
>CTCTCATW	10-CTCTCATW	3.808811	-16.981382	0	T:137.0(88.39%),B:7998.9(69.77%),P:1e-7	Tpos:525.0,Tstd:274.8,Bpos:848816.2,Bstd:1068388.3,StrandBias:10.0,Multiplicity:1.60
0.174	0.547	0.108	0.171
0.163	0.115	0.116	0.606
0.143	0.562	0.122	0.173
0.135	0.133	0.130	0.602
0.144	0.560	0.154	0.142
0.570	0.148	0.132	0.150
0.169	0.163	0.116	0.552
0.339	0.001	0.253	0.407
>RRRRRAAW	11-RRRRRAAW	3.322451	-16.227917	0	T:149.0(96.13%),B:9379.0(81.80%),P:1e-7	Tpos:504.4,Tstd:286.9,Bpos:839228.8,Bstd:1052296.3,StrandBias:10.0,Multiplicity:1.68
0.384	0.136	0.283	0.198
0.415	0.072	0.267	0.246
0.456	0.021	0.334	0.189
0.425	0.161	0.278	0.135
0.449	0.095	0.348	0.108
0.498	0.103	0.263	0.136
0.471	0.028	0.213	0.288
0.402	0.175	0.001	0.422
>ATTGCACA	12-ATTGCACA	2.219031	-16.122217	0	T:119.0(76.77%),B:6451.2(56.27%),P:1e-7	Tpos:508.7,Tstd:274.7,Bpos:864244.3,Bstd:1095571.8,StrandBias:10.0,Multiplicity:1.82
0.530	0.077	0.077	0.316
0.001	0.001	0.001	0.997
0.001	0.001	0.001	0.997
0.001	0.001	0.997	0.001
0.001	0.605	0.001	0.393
0.682	0.001	0.316	0.001
0.001	0.997	0.001	0.001
0.997	0.001	0.001	0.001
>TTTCTCTH	13-TTTCTCTH	3.824866	-15.851580	0	T:147.0(94.84%),B:9164.0(79.93%),P:1e-6	Tpos:533.9,Tstd:289.5,Bpos:812109.6,Bstd:1058203.5,StrandBias:10.0,Multiplicity:1.87
0.239	0.180	0.058	0.523
0.175	0.221	0.041	0.563
0.111	0.212	0.112	0.565
0.168	0.468	0.125	0.240
0.204	0.159	0.101	0.536
0.128	0.467	0.153	0.253
0.172	0.126	0.120	0.582
0.237	0.299	0.101	0.363
>AAAARAAK	14-AAAARAAK	3.686007	-14.925328	0	T:144.0(92.90%),B:8897.3(77.60%),P:1e-6	Tpos:494.5,Tstd:302.7,Bpos:836654.3,Bstd:1065064.8,StrandBias:10.0,Multiplicity:1.57
0.507	0.124	0.219	0.150
0.523	0.100	0.224	0.153
0.521	0.101	0.191	0.187
0.394	0.148	0.217	0.241
0.456	0.134	0.332	0.078
0.516	0.092	0.202	0.190
0.516	0.067	0.247	0.170
0.001	0.207	0.360	0.432
>TYTHTBWT	15-TYTHTBWT	4.389579	-14.810044	0	T:139.0(89.68%),B:8383.4(73.12%),P:1e-6	Tpos:513.9,Tstd:300.1,Bpos:836958.7,Bstd:1051129.1,StrandBias:10.0,Multiplicity:1.66
0.174	0.046	0.033	0.747
0.159	0.445	0.066	0.330
0.279	0.125	0.122	0.473
0.238	0.369	0.090	0.303
0.141	0.176	0.078	0.605
0.166	0.340	0.199	0.294
0.381	0.215	0.056	0.348
0.216	0.044	0.029	0.711
>AAAHAAAA	16-AAAHAAAA	4.938025	-14.434372	0	T:125.0(80.65%),B:7115.1(62.06%),P:1e-6	Tpos:509.2,Tstd:289.9,Bpos:869490.7,Bstd:1117042.8,StrandBias:10.0,Multiplicity:1.74
0.679	0.115	0.098	0.108
0.676	0.141	0.068	0.115
0.682	0.070	0.078	0.170
0.366	0.221	0.141	0.272
0.565	0.106	0.164	0.165
0.583	0.123	0.131	0.163
0.594	0.099	0.105	0.202
0.681	0.148	0.170	0.001
>CATTTTCT	17-CATTTTCT	5.115298	-13.891708	0	T:140.0(90.32%),B:8565.9(74.71%),P:1e-6	Tpos:519.5,Tstd:298.9,Bpos:836603.9,Bstd:1077857.3,StrandBias:10.0,Multiplicity:1.70
0.291	0.446	0.031	0.232
0.697	0.089	0.074	0.140
0.232	0.124	0.046	0.598
0.093	0.027	0.047	0.833
0.039	0.078	0.035	0.848
0.078	0.136	0.050	0.736
0.139	0.547	0.101	0.213
0.256	0.066	0.101	0.577
>ACAAATTG	18-ACAAATTG	5.546559	-12.654665	0	T:115.0(74.19%),B:6447.5(56.24%),P:1e-5	Tpos:514.2,Tstd:287.8,Bpos:848053.8,Bstd:1091915.2,StrandBias:10.0,Multiplicity:1.86
0.728	0.047	0.090	0.135
0.161	0.643	0.083	0.113
0.853	0.038	0.045	0.064
0.763	0.075	0.068	0.094
0.722	0.073	0.016	0.189
0.143	0.075	0.038	0.744
0.054	0.037	0.007	0.902
0.083	0.061	0.646	0.210
>TTTTTCAA	19-TTTTTCAA	5.354953	-10.667511	0	T:116.0(74.84%),B:6736.9(58.76%),P:1e-4	Tpos:527.0,Tstd:298.6,Bpos:847642.6,Bstd:1103624.7,StrandBias:10.0,Multiplicity:1.50
0.208	0.070	0.056	0.666
0.146	0.081	0.081	0.692
0.121	0.088	0.088	0.703
0.114	0.113	0.082	0.691
0.118	0.128	0.116	0.638
0.170	0.397	0.196	0.237
0.591	0.138	0.111	0.160
0.625	0.118	0.082	0.175
>AAWWTTTW	20-AAWWTTTW	6.218154	-9.317408	0	T:112.0(72.26%),B:6566.9(57.28%),P:1e-4	Tpos:468.3,Tstd:293.2,Bpos:857488.6,Bstd:1106774.3,StrandBias:10.0,Multiplicity:1.85
0.954	0.044	0.001	0.001
0.754	0.001	0.001	0.244
0.391	0.071	0.001	0.537
0.454	0.007	0.058	0.481
0.342	0.027	0.031	0.600
0.181	0.034	0.044	0.741
0.130	0.001	0.085	0.784
0.345	0.038	0.133	0.484
>TTCGAAAT	21-TTCGAAAT	5.594176	-8.326970	0	T:98.0(63.23%),B:5601.1(48.85%),P:1e-3	Tpos:480.7,Tstd:294.1,Bpos:860249.3,Bstd:1097153.7,StrandBias:10.0,Multiplicity:1.26
0.220	0.095	0.006	0.679
0.120	0.115	0.070	0.695
0.122	0.458	0.151	0.269
0.217	0.174	0.504	0.105
0.634	0.133	0.111	0.122
0.661	0.080	0.088	0.171
0.708	0.064	0.007	0.221
0.280	0.050	0.003	0.667
>TDDAAAAA	22-TDDAAAAA	5.957702	-7.531459	0	T:105.0(67.74%),B:6238.5(54.41%),P:1e-3	Tpos:495.4,Tstd:263.4,Bpos:853096.2,Bstd:1109099.5,StrandBias:10.0,Multiplicity:1.85
0.306	0.051	0.130	0.513
0.249	0.137	0.277	0.338
0.220	0.150	0.274	0.357
0.700	0.070	0.115	0.115
0.647	0.054	0.143	0.156
0.870	0.083	0.025	0.022
0.977	0.019	0.003	0.001
0.796	0.001	0.003	0.200
>CAATSAAT	23-CAATSAAT	5.533539	-7.398981	0	T:89.0(57.42%),B:5051.7(44.06%),P:1e-3	Tpos:548.2,Tstd:288.8,Bpos:846859.7,Bstd:1059705.1,StrandBias:10.0,Multiplicity:1.20
0.073	0.925	0.001	0.001
0.997	0.001	0.001	0.001
0.851	0.001	0.001	0.147
0.001	0.001	0.001	0.997
0.001	0.518	0.480	0.001
0.997	0.001	0.001	0.001
0.997	0.001	0.001	0.001
0.295	0.001	0.001	0.703
>TTTHTTTT	24-TTTHTTTT	4.392017	-6.489351	0	T:135.0(87.10%),B:8858.2(77.26%),P:1e-2	Tpos:549.5,Tstd:294.6,Bpos:842508.4,Bstd:1075069.8,StrandBias:10.0,Multiplicity:1.68
0.302	0.090	0.045	0.563
0.132	0.103	0.084	0.681
0.102	0.188	0.093	0.617
0.191	0.332	0.177	0.300
0.276	0.132	0.129	0.464
0.146	0.134	0.112	0.608
0.099	0.103	0.103	0.695
0.288	0.001	0.194	0.517
>TTTYWTTT	25-TTTYWTTT	4.943940	-5.476857	0	T:111.0(71.61%),B:7002.4(61.08%),P:1e-2	Tpos:505.1,Tstd:276.6,Bpos:842680.8,Bstd:1117588.2,StrandBias:10.0,Multiplicity:2.07
0.285	0.081	0.096	0.538
0.169	0.140	0.075	0.616
0.125	0.145	0.109	0.621
0.093	0.346	0.123	0.439
0.434	0.136	0.132	0.298
0.239	0.098	0.097	0.566
0.143	0.075	0.094	0.688
0.154	0.070	0.159	0.617
