>YWWTTTCGAAAT	1-YWWTTTCGAAAT	5.686985	-31.112779	0	T:143.0(92.26%),B:7609.8(66.37%),P:1e-13	Tpos:527.4,Tstd:275.9,Bpos:849436.9,Bstd:1090319.1,StrandBias:10.0,Multiplicity:1.71
0.210	0.303	0.080	0.407
0.377	0.222	0.173	0.228
0.445	0.062	0.012	0.481
0.247	0.123	0.001	0.629
0.099	0.074	0.043	0.784
0.001	0.160	0.185	0.654
0.216	0.457	0.111	0.216
0.222	0.185	0.451	0.142
0.512	0.241	0.080	0.167
0.691	0.080	0.130	0.099
0.673	0.001	0.098	0.228
0.105	0.006	0.012	0.877
>TTGCACAACATT	2-TTGCACAACATT	5.849601	-28.349256	0	T:111.0(71.61%),B:4901.0(42.75%),P:1e-12	Tpos:529.4,Tstd:287.2,Bpos:855014.9,Bstd:1093409.7,StrandBias:10.0,Multiplicity:1.47
0.100	0.028	0.084	0.788
0.028	0.112	0.001	0.859
0.075	0.028	0.784	0.113
0.062	0.694	0.188	0.056
0.803	0.028	0.056	0.113
0.156	0.601	0.102	0.141
0.841	0.075	0.028	0.056
0.720	0.084	0.056	0.140
0.130	0.653	0.056	0.161
0.793	0.048	0.112	0.047
0.140	0.140	0.028	0.692
0.056	0.056	0.112	0.776
>ATTGCACAAYCT	3-ATTGCACAAYCT	8.749382	-27.467144	0	T:21.0(13.55%),B:198.5(1.73%),P:1e-11	Tpos:700.6,Tstd:213.6,Bpos:896376.9,Bstd:1083750.5,StrandBias:10.0,Multiplicity:1.10
0.997	0.001	0.001	0.001
0.001	0.001	0.001	0.997
0.001	0.001	0.001	0.997
0.001	0.001	0.997	0.001
0.001	0.997	0.001	0.001
0.997	0.001	0.001	0.001
0.001	0.997	0.001	0.001
0.997	0.001	0.001	0.001
0.997	0.001	0.001	0.001
0.001	0.435	0.001	0.563
0.303	0.686	0.010	0.001
0.018	0.001	0.360	0.621
>AWVDRAAAWKAW	4-AWVDRAAAWKAW	5.319150	-22.122520	0	T:140.0(90.32%),B:7900.3(68.91%),P:1e-9	Tpos:469.3,Tstd:299.7,Bpos:840726.0,Bstd:1062379.2,StrandBias:10.0,Multiplicity:1.77
0.527	0.163	0.143	0.167
0.424	0.053	0.200	0.323
0.371	0.233	0.257	0.139
0.331	0.078	0.224	0.367
0.355	0.143	0.501	0.001
0.592	0.155	0.110	0.143
0.799	0.001	0.199	0.001
0.555	0.001	0.163	0.281
0.465	0.057	0.001	0.477
0.001	0.241	0.338	0.420
0.575	0.001	0.257	0.167
0.274	0.073	0.245	0.408
>TCTBMMAAAAAT	5-TCTBMMAAAAAT	6.287667	-20.315739	0	T:116.0(74.84%),B:5857.0(51.09%),P:1e-8	Tpos:498.3,Tstd:288.7,Bpos:846263.7,Bstd:1091518.8,StrandBias:10.0,Multiplicity:1.34
0.001	0.001	0.001	0.997
0.001	0.522	0.130	0.347
0.109	0.022	0.043	0.826
0.108	0.305	0.348	0.239
0.391	0.413	0.152	0.044
0.391	0.261	0.239	0.109
0.587	0.087	0.261	0.065
0.521	0.196	0.109	0.174
0.825	0.001	0.173	0.001
0.586	0.022	0.131	0.261
0.544	0.001	0.195	0.260
0.001	0.216	0.001	0.782
>TCTCTCKCTTYT	6-TCTCTCKCTTYT	4.911605	-20.296741	0	T:139.0(89.68%),B:7935.0(69.21%),P:1e-8	Tpos:516.8,Tstd:296.8,Bpos:847177.3,Bstd:1094521.2,StrandBias:10.0,Multiplicity:1.66
0.086	0.164	0.095	0.655
0.060	0.733	0.009	0.198
0.155	0.104	0.207	0.534
0.155	0.621	0.146	0.078
0.112	0.060	0.095	0.733
0.043	0.846	0.077	0.034
0.190	0.095	0.431	0.284
0.181	0.647	0.060	0.112
0.129	0.121	0.121	0.629
0.095	0.310	0.103	0.491
0.216	0.414	0.069	0.302
0.086	0.241	0.172	0.501
>TTATTAAATATB	7-TTATTAAATATB	4.820991	-19.935224	0	T:144.0(92.90%),B:8499.5(74.13%),P:1e-8	Tpos:498.5,Tstd:263.9,Bpos:841581.3,Bstd:1079664.8,StrandBias:10.0,Multiplicity:1.59
0.115	0.122	0.137	0.626
0.129	0.137	0.144	0.590
0.579	0.144	0.176	0.101
0.097	0.094	0.111	0.698
0.086	0.169	0.169	0.576
0.627	0.147	0.140	0.086
0.626	0.165	0.112	0.097
0.557	0.155	0.126	0.162
0.083	0.155	0.076	0.686
0.676	0.137	0.076	0.111
0.133	0.022	0.086	0.759
0.001	0.338	0.262	0.399
>ATGTTGTGCAAT	8-ATGTTGTGCAAT	11.570635	-19.628582	0	T:18.0(11.61%),B:222.5(1.94%),P:1e-8	Tpos:614.7,Tstd:258.5,Bpos:886543.8,Bstd:1135254.3,StrandBias:10.0,Multiplicity:1.00
0.888	0.110	0.001	0.001
0.001	0.094	0.111	0.794
0.110	0.001	0.888	0.001
0.110	0.001	0.001	0.888
0.001	0.001	0.001	0.997
0.110	0.001	0.888	0.001
0.001	0.001	0.001	0.997
0.001	0.001	0.997	0.001
0.001	0.997	0.001	0.001
0.997	0.001	0.001	0.001
0.997	0.001	0.001	0.001
0.001	0.110	0.001	0.888
>TCMATTTTTTTT	9-TCMATTTTTTTT	6.810870	-18.434124	0	T:107.0(69.03%),B:5297.2(46.20%),P:1e-8	Tpos:515.5,Tstd:296.3,Bpos:855401.9,Bstd:1105986.0,StrandBias:10.0,Multiplicity:1.44
0.092	0.119	0.064	0.725
0.073	0.495	0.266	0.165
0.477	0.349	0.101	0.074
0.679	0.073	0.092	0.156
0.074	0.247	0.073	0.606
0.321	0.046	0.082	0.551
0.330	0.046	0.037	0.587
0.284	0.018	0.046	0.652
0.073	0.082	0.064	0.781
0.275	0.055	0.064	0.606
0.082	0.055	0.092	0.771
0.055	0.073	0.055	0.817
>GGGCCCCCATAB	10-GGGCCCCCATAB	3.969734	-18.136504	0	T:125.0(80.65%),B:6790.4(59.23%),P:1e-7	Tpos:533.9,Tstd:285.6,Bpos:870169.3,Bstd:1115247.1,StrandBias:10.0,Multiplicity:1.54
0.097	0.141	0.611	0.151
0.140	0.146	0.572	0.142
0.136	0.131	0.626	0.107
0.169	0.618	0.091	0.122
0.154	0.619	0.085	0.142
0.135	0.633	0.107	0.125
0.136	0.519	0.180	0.165
0.136	0.671	0.034	0.159
0.710	0.102	0.087	0.101
0.113	0.096	0.078	0.713
0.707	0.061	0.056	0.176
0.001	0.318	0.266	0.415
>DDDAGADNRAAD	11-DDDAGADNRAAD	4.977565	-16.826529	0	T:134.0(86.45%),B:7720.7(67.34%),P:1e-7	Tpos:526.5,Tstd:294.5,Bpos:843599.8,Bstd:1040450.5,StrandBias:10.0,Multiplicity:1.85
0.345	0.001	0.306	0.348
0.336	0.162	0.288	0.213
0.327	0.135	0.321	0.216
0.477	0.291	0.001	0.231
0.363	0.001	0.615	0.021
0.564	0.001	0.198	0.237
0.327	0.001	0.366	0.306
0.276	0.207	0.312	0.204
0.488	0.001	0.510	0.001
0.534	0.234	0.231	0.001
0.591	0.001	0.405	0.003
0.348	0.168	0.198	0.285
>GAATGATCGWRA	12-GAATGATCGWRA	5.022731	-15.656589	0	T:132.0(85.16%),B:7633.3(66.58%),P:1e-6	Tpos:495.7,Tstd:270.3,Bpos:862787.4,Bstd:1084027.8,StrandBias:10.0,Multiplicity:1.83
0.238	0.115	0.639	0.008
0.639	0.254	0.033	0.074
0.631	0.033	0.230	0.106
0.303	0.148	0.008	0.541
0.041	0.197	0.680	0.082
0.664	0.041	0.090	0.205
0.098	0.049	0.098	0.755
0.025	0.590	0.172	0.213
0.197	0.049	0.664	0.090
0.303	0.230	0.033	0.435
0.402	0.016	0.418	0.164
0.656	0.131	0.074	0.139
>ATTAATAATAAT	13-ATTAATAATAAT	4.621630	-15.085201	0	T:143.0(92.26%),B:8775.2(76.54%),P:1e-6	Tpos:490.7,Tstd:276.3,Bpos:847013.3,Bstd:1075422.1,StrandBias:10.0,Multiplicity:1.55
0.661	0.088	0.131	0.120
0.107	0.157	0.126	0.610
0.107	0.118	0.157	0.618
0.579	0.126	0.201	0.094
0.667	0.093	0.101	0.139
0.069	0.107	0.164	0.660
0.653	0.126	0.120	0.101
0.686	0.113	0.132	0.069
0.082	0.106	0.120	0.692
0.666	0.107	0.151	0.076
0.805	0.056	0.076	0.063
0.069	0.139	0.088	0.704
>YTYYYYCHYTTY	14-YTYYYYCHYTTY	5.166053	-14.697122	0	T:138.0(89.03%),B:8293.9(72.34%),P:1e-6	Tpos:587.3,Tstd:288.1,Bpos:843968.2,Bstd:1054785.5,StrandBias:10.0,Multiplicity:1.67
0.227	0.277	0.081	0.414
0.044	0.265	0.146	0.545
0.001	0.426	0.003	0.570
0.181	0.346	0.112	0.361
0.112	0.355	0.128	0.405
0.171	0.346	0.081	0.402
0.115	0.436	0.274	0.174
0.305	0.327	0.016	0.352
0.206	0.364	0.093	0.336
0.001	0.311	0.134	0.554
0.264	0.093	0.001	0.642
0.001	0.501	0.003	0.495
>TTATTHTTATTT	15-TTATTHTTATTT	5.262807	-14.595764	0	T:140.0(90.32%),B:8503.3(74.17%),P:1e-6	Tpos:553.0,Tstd:288.9,Bpos:829014.7,Bstd:1055182.6,StrandBias:10.0,Multiplicity:2.02
0.083	0.154	0.083	0.680
0.087	0.287	0.179	0.446
0.458	0.175	0.117	0.250
0.117	0.262	0.079	0.542
0.088	0.200	0.100	0.612
0.338	0.254	0.138	0.271
0.100	0.171	0.092	0.637
0.063	0.275	0.129	0.533
0.500	0.242	0.113	0.146
0.063	0.050	0.058	0.829
0.071	0.067	0.075	0.787
0.001	0.312	0.183	0.504
>AAAGTGGAAAAA	16-AAAGTGGAAAAA	-4.442683	-14.564363	0	T:118.0(76.13%),B:6509.9(56.78%),P:1e-6	Tpos:471.5,Tstd:286.0,Bpos:840398.9,Bstd:1081157.6,StrandBias:10.0,Multiplicity:1.93
0.997	0.001	0.001	0.001
0.997	0.001	0.001	0.001
0.811	0.099	0.001	0.089
0.001	0.001	0.997	0.001
0.001	0.001	0.001	0.997
0.001	0.001	0.997	0.001
0.001	0.001	0.997	0.001
0.997	0.001	0.001	0.001
0.997	0.001	0.001	0.001
0.883	0.115	0.001	0.001
0.997	0.001	0.001	0.001
0.997	0.001	0.001	0.001
>TCTCKCTTCTCT	17-TCTCKCTTCTCT	6.465027	-13.382649	0	T:95.0(61.29%),B:4837.9(42.20%),P:1e-5	Tpos:540.5,Tstd:299.9,Bpos:838705.7,Bstd:1030979.4,StrandBias:10.0,Multiplicity:1.74
0.125	0.213	0.095	0.567
0.132	0.566	0.096	0.206
0.088	0.198	0.051	0.663
0.066	0.779	0.059	0.096
0.132	0.199	0.382	0.287
0.169	0.514	0.052	0.265
0.103	0.250	0.052	0.595
0.066	0.184	0.059	0.691
0.066	0.684	0.096	0.154
0.073	0.206	0.022	0.699
0.022	0.824	0.044	0.110
0.059	0.125	0.096	0.720
>TATTATTAAATT	18-TATTATTAAATT	5.287491	-13.103821	0	T:128.0(82.58%),B:7505.2(65.46%),P:1e-5	Tpos:486.5,Tstd:290.5,Bpos:833376.0,Bstd:1075983.3,StrandBias:10.0,Multiplicity:1.40
0.156	0.107	0.123	0.614
0.652	0.101	0.130	0.117
0.110	0.127	0.123	0.640
0.114	0.156	0.146	0.584
0.627	0.110	0.146	0.117
0.110	0.123	0.140	0.627
0.104	0.185	0.133	0.578
0.610	0.146	0.156	0.088
0.707	0.091	0.101	0.101
0.652	0.127	0.117	0.104
0.172	0.042	0.078	0.708
0.001	0.279	0.269	0.451
>MACNNATYRAWT	19-MACNNATYRAWT	5.656301	-12.672319	0	T:130.0(83.87%),B:7726.9(67.39%),P:1e-5	Tpos:537.5,Tstd:273.4,Bpos:844470.0,Bstd:1067662.9,StrandBias:10.0,Multiplicity:1.54
0.519	0.479	0.001	0.001
0.676	0.001	0.181	0.142
0.116	0.533	0.001	0.350
0.195	0.325	0.272	0.208
0.260	0.234	0.286	0.221
0.506	0.286	0.013	0.195
0.286	0.143	0.001	0.570
0.001	0.506	0.001	0.492
0.389	0.195	0.390	0.026
0.804	0.091	0.001	0.104
0.519	0.001	0.001	0.479
0.194	0.001	0.065	0.740
>ATTATTATTATT	20-ATTATTATTATT	5.584547	-11.989643	0	T:124.0(80.00%),B:7266.3(63.38%),P:1e-5	Tpos:481.4,Tstd:261.0,Bpos:832686.3,Bstd:1060150.6,StrandBias:10.0,Multiplicity:1.52
0.461	0.159	0.090	0.290
0.215	0.136	0.100	0.549
0.140	0.230	0.146	0.484
0.449	0.186	0.152	0.213
0.152	0.138	0.075	0.635
0.102	0.221	0.186	0.491
0.420	0.238	0.102	0.240
0.142	0.129	0.100	0.629
0.154	0.211	0.140	0.495
0.424	0.163	0.148	0.265
0.154	0.002	0.004	0.840
0.002	0.119	0.019	0.860
>AAAAAAAAAAAA	21-AAAAAAAAAAAA	5.974673	-11.660710	0	T:116.0(74.84%),B:6631.0(57.84%),P:1e-5	Tpos:499.9,Tstd:269.5,Bpos:838164.0,Bstd:1070838.8,StrandBias:10.0,Multiplicity:1.86
0.600	0.050	0.265	0.085
0.681	0.001	0.164	0.154
0.592	0.058	0.212	0.138
0.643	0.061	0.173	0.123
0.727	0.001	0.199	0.073
0.681	0.050	0.157	0.112
0.584	0.015	0.243	0.158
0.573	0.019	0.296	0.112
0.676	0.001	0.185	0.138
0.596	0.001	0.284	0.119
0.796	0.001	0.188	0.015
0.500	0.001	0.257	0.242
>AWWAWHWHHAAW	22-AWWAWHWHHAAW	5.226816	-11.355289	0	T:117.0(75.48%),B:6744.2(58.82%),P:1e-4	Tpos:465.6,Tstd:243.3,Bpos:863101.7,Bstd:1121197.5,StrandBias:10.0,Multiplicity:1.76
0.609	0.001	0.001	0.389
0.470	0.001	0.073	0.457
0.290	0.177	0.182	0.351
0.564	0.001	0.057	0.378
0.395	0.001	0.093	0.511
0.307	0.231	0.088	0.375
0.373	0.193	0.116	0.317
0.315	0.192	0.170	0.323
0.348	0.211	0.186	0.255
0.383	0.215	0.171	0.231
0.629	0.001	0.001	0.369
0.413	0.177	0.001	0.409
>TTTTTTTWTTTT	23-TTTTTTTWTTTT	6.443153	-10.616450	0	T:108.0(69.68%),B:6102.7(53.23%),P:1e-4	Tpos:545.2,Tstd:271.4,Bpos:837245.2,Bstd:1114756.4,StrandBias:10.0,Multiplicity:1.65
0.215	0.070	0.078	0.637
0.247	0.121	0.075	0.557
0.102	0.116	0.075	0.707
0.043	0.274	0.081	0.602
0.132	0.263	0.140	0.465
0.204	0.215	0.089	0.492
0.140	0.212	0.132	0.516
0.285	0.177	0.113	0.425
0.293	0.108	0.022	0.577
0.110	0.070	0.038	0.782
0.116	0.051	0.035	0.798
0.032	0.156	0.054	0.758
>TGGGCCCCCATA	24-TGGGCCCCCATA	-6.709344	-8.020734	0	T:107.0(69.03%),B:6330.6(55.22%),P:1e-3	Tpos:504.1,Tstd:288.4,Bpos:850725.5,Bstd:1082461.6,StrandBias:10.0,Multiplicity:1.84
0.129	0.001	0.001	0.869
0.129	0.001	0.869	0.001
0.001	0.001	0.869	0.129
0.001	0.001	0.997	0.001
0.001	0.997	0.001	0.001
0.001	0.869	0.001	0.129
0.001	0.869	0.001	0.129
0.001	0.997	0.001	0.001
0.001	0.869	0.129	0.001
0.997	0.001	0.001	0.001
0.001	0.001	0.001	0.997
0.997	0.001	0.001	0.001
>NNNNNNNNNNNN	25-NNNNNNNNNNNN	-nan	0.000000	0	T:0.0(0.00%),B:0.0(0.00%),P:1e0	Tpos:0.0,Tstd:0.0,Bpos:0.0,Bstd:0.0,StrandBias:0.0,Multiplicity:1.00
-nan	-nan	-nan	-nan
-nan	-nan	-nan	-nan
-nan	-nan	-nan	-nan
-nan	-nan	-nan	-nan
-nan	-nan	-nan	-nan
-nan	-nan	-nan	-nan
-nan	-nan	-nan	-nan
-nan	-nan	-nan	-nan
-nan	-nan	-nan	-nan
-nan	-nan	-nan	-nan
-nan	-nan	-nan	-nan
-nan	-nan	-nan	-nan
